travel_time,id,kind,action,origin,destination,start_time,reward,cost_table
3.0833333333333335,663,AV,0,7,9,1220,4.179523809523809,"0,0,0,0"
2.566666666666667,152,AV,0,16,12,286,4.179523809523809,"0,0,0,0"
5.066666666666666,273,AV,3,16,9,481,4.179523809523809,"0,0,0,0"
5.75,145,AV,0,11,3,269,4.179523809523809,"0,0,0,0"
6.25,73,AV,3,4,16,152,4.179523809523809,"0,0,0,0"
5.25,61,AV,0,1,1,134,4.179523809523809,"0,0,0,0"
2.433333333333333,173,AV,0,0,3,320,4.179523809523809,"0,0,0,0"
6.75,320,AV,0,36,16,579,4.179523809523809,"0,0,0,0"
9.066666666666666,616,AV,2,4,84,1124,4.179523809523809,"0,0,0,0"
4.033333333333333,589,AV,1,17,16,1075,4.179523809523809,"0,0,0,0"
3.4833333333333334,301,AV,0,4,20,533,4.179523809523809,"0,0,0,0"
5.633333333333334,457,AV,2,17,5,861,4.179523809523809,"0,0,0,0"
3.783333333333333,129,AV,0,4,20,245,4.179523809523809,"0,0,0,0"
6.116666666666666,489,AV,0,1,1,899,4.179523809523809,"0,0,0,0"
5.883333333333334,319,AV,3,8,48,578,4.179523809523809,"0,0,0,0"
8.2,422,AV,2,0,5,794,4.179523809523809,"0,0,0,0"
2.433333333333333,285,AV,1,49,3,507,4.179523809523809,"0,0,0,0"
5.083333333333333,526,AV,3,1,1,964,4.179523809523809,"0,0,0,0"
5.366666666666666,567,AV,0,1,1,1046,4.179523809523809,"0,0,0,0"
6.333333333333333,519,AV,1,81,2,944,4.179523809523809,"0,0,0,0"
7.583333333333333,461,AV,3,1,10,862,4.179523809523809,"0,0,0,0"
5.85,84,AV,1,11,3,171,4.179523809523809,"0,0,0,0"
5.45,633,AV,0,16,9,1158,4.179523809523809,"0,0,0,0"
3.683333333333333,40,AV,2,0,3,88,4.179523809523809,"0,0,0,0"
5.066666666666666,456,AV,3,1,1,860,4.179523809523809,"0,0,0,0"
3.1166666666666667,343,AV,1,57,15,653,4.179523809523809,"0,0,0,0"
4.4,643,AV,0,11,4,1173,4.179523809523809,"0,0,0,0"
5.75,264,AV,2,4,20,458,4.179523809523809,"0,0,0,0"
2.8,26,AV,3,13,11,72,4.179523809523809,"0,0,0,0"
5.416666666666667,98,AV,1,4,3,192,4.179523809523809,"0,0,0,0"
2.1333333333333333,244,AV,3,4,10,423,4.179523809523809,"0,0,0,0"
3.533333333333333,617,AV,2,4,85,1126,4.179523809523809,"0,0,0,0"
5.433333333333334,630,AV,0,16,9,1157,4.179523809523809,"0,0,0,0"
4.016666666666667,21,AV,3,10,5,58,4.179523809523809,"0,0,0,0"
1.5666666666666667,290,AV,0,16,45,516,4.179523809523809,"0,0,0,0"
8.816666666666666,621,AV,3,17,86,1133,4.179523809523809,"0,0,0,0"
4.483333333333333,44,AV,3,4,3,93,4.179523809523809,"0,0,0,0"
8.116666666666667,191,AV,3,17,36,340,4.179523809523809,"0,0,0,0"
4.416666666666667,508,AV,1,0,3,922,4.179523809523809,"0,0,0,0"
3.25,561,AV,3,16,5,1024,4.179523809523809,"0,0,0,0"
4.766666666666667,478,AV,2,1,1,892,4.179523809523809,"0,0,0,0"
5.366666666666666,303,AV,3,4,5,536,4.179523809523809,"0,0,0,0"
3.6,198,AV,0,13,37,348,4.179523809523809,"0,0,0,0"
1.0333333333333334,640,AV,0,97,3,1173,4.179523809523809,"0,0,0,0"
6.683333333333334,474,AV,3,17,5,887,4.179523809523809,"0,0,0,0"
5.183333333333334,695,AV,2,11,2,1263,4.179523809523809,"0,0,0,0"
5.516666666666667,537,AV,1,4,5,984,4.179523809523809,"0,0,0,0"
3.9,101,AV,1,25,10,197,4.179523809523809,"0,0,0,0"
4.8,514,AV,3,24,10,931,4.179523809523809,"0,0,0,0"
5.85,381,AV,2,62,2,721,4.179523809523809,"0,0,0,0"
3.683333333333333,445,AV,3,0,61,822,4.179523809523809,"0,0,0,0"
2.95,366,AV,0,7,9,691,4.179523809523809,"0,0,0,0"
3.783333333333333,353,AV,1,7,9,678,4.179523809523809,"0,0,0,0"
4.416666666666667,116,AV,0,7,9,228,4.179523809523809,"0,0,0,0"
4.15,178,AV,0,8,9,326,4.179523809523809,"0,0,0,0"
3.55,365,AV,0,7,4,688,4.179523809523809,"0,0,0,0"
3.0833333333333335,454,AV,3,8,65,856,4.179523809523809,"0,0,0,0"
6.333333333333333,552,AV,0,11,5,1007,4.179523809523809,"0,0,0,0"
3.466666666666667,321,AV,1,39,9,588,4.179523809523809,"0,0,0,0"
3.033333333333333,443,AV,0,4,20,820,4.179523809523809,"0,0,0,0"
4.85,614,AV,1,4,3,1123,4.179523809523809,"0,0,0,0"
5.75,39,AV,0,4,3,86,4.179523809523809,"0,0,0,0"
6.433333333333334,509,AV,1,0,5,923,4.179523809523809,"0,0,0,0"
5.85,99,AV,2,1,1,194,4.179523809523809,"0,0,0,0"
5.7,352,AV,3,7,10,676,4.179523809523809,"0,0,0,0"
1.9666666666666666,280,AV,0,47,20,495,4.179523809523809,"0,0,0,0"
5.516666666666667,364,AV,3,17,5,686,4.179523809523809,"0,0,0,0"
5.716666666666667,131,AV,3,16,10,246,4.179523809523809,"0,0,0,0"
5.283333333333333,455,AV,0,4,3,859,4.179523809523809,"0,0,0,0"
5.366666666666666,584,AV,2,11,5,1066,4.179523809523809,"0,0,0,0"
4.25,1,AV,2,1,1,5,4.179523809523809,"0,0,0,0"
7.4,619,AV,2,17,20,1131,4.179523809523809,"0,0,0,0"
5.1,528,AV,0,1,1,968,4.179523809523809,"0,0,0,0"
4.9,470,AV,0,1,1,876,4.179523809523809,"0,0,0,0"
2.7333333333333334,62,AV,2,16,5,135,4.179523809523809,"0,0,0,0"
7.566666666666666,214,AV,3,16,10,377,4.179523809523809,"0,0,0,0"
7.066666666666666,595,AV,3,4,3,1085,4.179523809523809,"0,0,0,0"
3.55,411,AV,3,7,9,780,4.179523809523809,"0,0,0,0"
5.9,574,AV,3,11,5,1055,4.179523809523809,"0,0,0,0"
6.533333333333333,506,AV,1,0,5,920,4.179523809523809,"0,0,0,0"
4.616666666666666,58,AV,1,7,10,131,4.179523809523809,"0,0,0,0"
4.5,232,AV,0,4,20,399,4.179523809523809,"0,0,0,0"
4.983333333333333,306,AV,1,11,20,546,4.179523809523809,"0,0,0,0"
5.65,642,AV,1,4,3,1173,4.179523809523809,"0,0,0,0"
4.316666666666666,153,AV,3,16,27,288,4.179523809523809,"0,0,0,0"
5.15,332,AV,0,7,10,614,4.179523809523809,"0,0,0,0"
6.516666666666667,510,AV,3,0,72,923,4.179523809523809,"0,0,0,0"
5.366666666666666,566,AV,0,1,1,1044,4.179523809523809,"0,0,0,0"
6.15,141,AV,0,11,3,267,4.179523809523809,"0,0,0,0"
3.3333333333333335,32,AV,3,0,12,80,4.179523809523809,"0,0,0,0"
4.116666666666666,276,AV,1,16,44,483,4.179523809523809,"0,0,0,0"
3.7333333333333334,186,AV,3,21,35,335,4.179523809523809,"0,0,0,0"
3.6,367,AV,0,7,58,692,4.179523809523809,"0,0,0,0"
6.066666666666666,655,AV,0,64,20,1208,4.179523809523809,"0,0,0,0"
5.333333333333333,15,AV,3,4,3,37,4.179523809523809,"0,0,0,0"
4.366666666666666,658,AV,2,11,65,1212,4.179523809523809,"0,0,0,0"
3.0166666666666666,481,AV,0,0,4,895,4.179523809523809,"0,0,0,0"
3.65,111,AV,2,26,3,221,4.179523809523809,"0,0,0,0"
5.966666666666667,262,AV,2,1,1,455,4.179523809523809,"0,0,0,0"
6.183333333333334,136,AV,0,11,3,260,4.179523809523809,"0,0,0,0"
5.216666666666667,550,AV,2,11,5,1004,4.179523809523809,"0,0,0,0"
5.833333333333333,142,AV,0,4,3,267,4.179523809523809,"0,0,0,0"
3.2,185,AV,0,16,12,335,4.179523809523809,"0,0,0,0"
5.383333333333334,599,AV,1,4,3,1092,4.179523809523809,"0,0,0,0"
2.45,348,AV,3,58,3,674,4.179523809523809,"0,0,0,0"
7.4,612,AV,2,92,2,1119,4.179523809523809,"0,0,0,0"
0.55,327,AV,0,16,5,606,4.179523809523809,"0,0,0,0"
6.366666666666666,498,AV,2,4,5,907,4.179523809523809,"0,0,0,0"
3.8,583,AV,3,1,81,1065,4.179523809523809,"0,0,0,0"
5.7,571,AV,0,4,5,1052,4.179523809523809,"0,0,0,0"
4.233333333333333,291,AV,1,16,10,517,4.179523809523809,"0,0,0,0"
5.6,553,AV,2,0,2,1007,4.179523809523809,"0,0,0,0"
4.016666666666667,675,AV,0,7,91,1235,4.179523809523809,"0,0,0,0"
8.25,175,AV,0,4,33,323,4.179523809523809,"0,0,0,0"
7.35,462,AV,1,1,10,864,4.179523809523809,"0,0,0,0"
4.333333333333333,229,AV,1,16,5,396,4.179523809523809,"0,0,0,0"
4.616666666666666,626,AV,2,11,3,1144,4.179523809523809,"0,0,0,0"
4.5,165,AV,3,16,30,305,4.179523809523809,"0,0,0,0"
6.0,83,AV,3,11,3,169,4.179523809523809,"0,0,0,0"
3.25,337,AV,2,54,1,622,4.179523809523809,"0,0,0,0"
4.366666666666666,505,AV,1,1,1,918,4.179523809523809,"0,0,0,0"
3.566666666666667,414,AV,3,7,4,782,4.179523809523809,"0,0,0,0"
5.966666666666667,632,AV,0,4,3,1158,4.179523809523809,"0,0,0,0"
5.366666666666666,326,AV,1,16,10,603,4.179523809523809,"0,0,0,0"
3.4166666666666665,3,AV,2,0,3,11,4.179523809523809,"0,0,0,0"
5.683333333333334,349,AV,3,7,10,675,4.179523809523809,"0,0,0,0"
2.8333333333333335,372,AV,0,7,9,696,4.179523809523809,"0,0,0,0"
3.05,610,AV,2,91,1,1117,4.179523809523809,"0,0,0,0"
6.033333333333333,184,AV,0,11,3,335,4.179523809523809,"0,0,0,0"
8.333333333333334,557,AV,2,17,3,1014,4.179523809523809,"0,0,0,0"
8.5,680,AV,2,99,10,1243,4.179523809523809,"0,0,0,0"
5.483333333333333,606,AV,0,1,1,1107,4.179523809523809,"0,0,0,0"
6.75,426,AV,0,8,16,798,4.179523809523809,"0,0,0,0"
5.633333333333334,410,AV,1,0,5,780,4.179523809523809,"0,0,0,0"
5.766666666666667,699,AV,3,4,3,1275,4.179523809523809,"0,0,0,0"
4.666666666666667,689,AV,3,7,9,1247,4.179523809523809,"0,0,0,0"
5.466666666666667,469,AV,3,4,2,875,4.179523809523809,"0,0,0,0"
7.05,575,AV,0,1,10,1056,4.179523809523809,"0,0,0,0"
3.55,399,AV,3,7,9,770,4.179523809523809,"0,0,0,0"
4.566666666666666,233,AV,0,4,20,400,4.179523809523809,"0,0,0,0"
3.566666666666667,294,AV,2,7,4,522,4.179523809523809,"0,0,0,0"
3.8666666666666667,483,AV,1,8,70,896,4.179523809523809,"0,0,0,0"
3.816666666666667,287,AV,1,21,4,512,4.179523809523809,"0,0,0,0"
7.416666666666667,522,AV,0,1,10,955,4.179523809523809,"0,0,0,0"
4.966666666666667,53,AV,3,17,5,119,4.179523809523809,"0,0,0,0"
3.9,400,AV,0,7,4,772,4.179523809523809,"0,0,0,0"
4.866666666666666,608,AV,2,17,5,1110,4.179523809523809,"0,0,0,0"
5.266666666666667,485,AV,1,0,5,897,4.179523809523809,"0,0,0,0"
2.716666666666667,492,AV,0,0,52,901,4.179523809523809,"0,0,0,0"
4.883333333333334,192,AV,0,11,3,340,4.179523809523809,"0,0,0,0"
6.7,649,AV,0,4,3,1192,4.179523809523809,"0,0,0,0"
5.75,46,AV,0,11,13,96,4.179523809523809,"0,0,0,0"
6.783333333333333,159,AV,0,4,3,293,4.179523809523809,"0,0,0,0"
3.7,661,AV,0,7,1,1217,4.179523809523809,"0,0,0,0"
5.283333333333333,421,AV,0,0,2,794,4.179523809523809,"0,0,0,0"
5.5,124,AV,3,7,10,236,4.179523809523809,"0,0,0,0"
4.816666666666666,573,AV,3,1,1,1055,4.179523809523809,"0,0,0,0"
4.683333333333334,125,AV,1,7,9,238,4.179523809523809,"0,0,0,0"
4.4,694,AV,2,0,93,1259,4.179523809523809,"0,0,0,0"
3.8333333333333335,598,AV,1,88,5,1091,4.179523809523809,"0,0,0,0"
3.066666666666667,18,AV,2,9,8,56,4.179523809523809,"0,0,0,0"
5.533333333333333,188,AV,0,16,9,337,4.179523809523809,"0,0,0,0"
5.35,536,AV,0,55,5,981,4.179523809523809,"0,0,0,0"
6.616666666666666,203,AV,0,0,2,355,4.179523809523809,"0,0,0,0"
5.933333333333334,94,AV,0,4,3,188,4.179523809523809,"0,0,0,0"
5.916666666666667,628,AV,2,4,3,1152,4.179523809523809,"0,0,0,0"
5.666666666666667,344,AV,3,0,53,667,4.179523809523809,"0,0,0,0"
6.383333333333334,438,AV,2,17,5,816,4.179523809523809,"0,0,0,0"
5.1,527,AV,0,1,1,966,4.179523809523809,"0,0,0,0"
2.1166666666666667,104,AV,1,0,12,203,4.179523809523809,"0,0,0,0"
5.433333333333334,429,AV,0,0,5,803,4.179523809523809,"0,0,0,0"
3.066666666666667,502,AV,0,0,3,911,4.179523809523809,"0,0,0,0"
6.333333333333333,413,AV,3,1,4,782,4.179523809523809,"0,0,0,0"
2.8,666,AV,0,7,9,1223,4.179523809523809,"0,0,0,0"
2.9166666666666665,47,AV,3,15,1,101,4.179523809523809,"0,0,0,0"
4.15,89,AV,1,4,3,181,4.179523809523809,"0,0,0,0"
5.133333333333334,308,AV,3,17,5,548,4.179523809523809,"0,0,0,0"
5.5,382,AV,3,11,3,726,4.179523809523809,"0,0,0,0"
5.2,297,AV,2,17,5,525,4.179523809523809,"0,0,0,0"
5.483333333333333,119,AV,0,7,10,231,4.179523809523809,"0,0,0,0"
5.35,592,AV,1,4,5,1080,4.179523809523809,"0,0,0,0"
4.416666666666667,132,AV,1,11,3,248,4.179523809523809,"0,0,0,0"
7.416666666666667,135,AV,3,4,3,258,4.179523809523809,"0,0,0,0"
6.483333333333333,611,AV,2,4,3,1118,4.179523809523809,"0,0,0,0"
5.216666666666667,224,AV,0,11,3,386,4.179523809523809,"0,0,0,0"
7.333333333333333,402,AV,3,0,5,775,4.179523809523809,"0,0,0,0"
5.833333333333333,36,AV,0,11,3,82,4.179523809523809,"0,0,0,0"
5.05,64,AV,3,1,1,136,4.179523809523809,"0,0,0,0"
4.666666666666667,440,AV,1,1,1,817,4.179523809523809,"0,0,0,0"
4.716666666666667,548,AV,3,83,1,1003,4.179523809523809,"0,0,0,0"
2.4833333333333334,35,AV,2,14,3,82,4.179523809523809,"0,0,0,0"
5.2,206,AV,0,4,20,359,4.179523809523809,"0,0,0,0"
5.333333333333333,246,AV,0,16,10,424,4.179523809523809,"0,0,0,0"
5.516666666666667,255,AV,2,17,5,450,4.179523809523809,"0,0,0,0"
4.433333333333334,295,AV,1,11,20,524,4.179523809523809,"0,0,0,0"
5.633333333333334,100,AV,3,11,3,195,4.179523809523809,"0,0,0,0"
4.183333333333334,171,AV,1,0,3,317,4.179523809523809,"0,0,0,0"
4.083333333333333,371,AV,0,22,9,695,4.179523809523809,"0,0,0,0"
5.25,282,AV,2,1,1,500,4.179523809523809,"0,0,0,0"
3.5166666666666666,394,AV,1,70,3,752,4.179523809523809,"0,0,0,0"
4.983333333333333,480,AV,0,1,1,894,4.179523809523809,"0,0,0,0"
5.65,563,AV,1,4,52,1033,4.179523809523809,"0,0,0,0"
2.75,126,AV,1,8,21,238,4.179523809523809,"0,0,0,0"
3.8666666666666667,118,AV,1,7,4,230,4.179523809523809,"0,0,0,0"
5.45,122,AV,0,7,10,234,4.179523809523809,"0,0,0,0"
5.2,55,AV,3,18,2,127,4.179523809523809,"0,0,0,0"
8.0,433,AV,2,0,5,807,4.179523809523809,"0,0,0,0"
1.9333333333333333,637,AV,3,0,3,1164,4.179523809523809,"0,0,0,0"
3.033333333333333,268,AV,0,0,3,464,4.179523809523809,"0,0,0,0"
6.45,442,AV,0,0,2,818,4.179523809523809,"0,0,0,0"
1.9833333333333334,493,AV,0,0,12,902,4.179523809523809,"0,0,0,0"
11.516666666666667,176,AV,2,0,16,324,4.179523809523809,"0,0,0,0"
2.6166666666666667,357,AV,3,0,3,680,4.179523809523809,"0,0,0,0"
5.15,674,AV,3,7,4,1233,4.179523809523809,"0,0,0,0"
1.45,418,AV,1,0,23,787,4.179523809523809,"0,0,0,0"
6.733333333333333,102,AV,0,4,3,199,4.179523809523809,"0,0,0,0"
7.416666666666667,169,AV,2,4,31,308,4.179523809523809,"0,0,0,0"
5.266666666666667,334,AV,3,7,10,616,4.179523809523809,"0,0,0,0"
5.116666666666666,466,AV,2,1,1,870,4.179523809523809,"0,0,0,0"
3.0833333333333335,193,AV,1,11,4,342,4.179523809523809,"0,0,0,0"
3.75,335,AV,0,53,52,616,4.179523809523809,"0,0,0,0"
5.616666666666666,194,AV,2,1,10,343,4.179523809523809,"0,0,0,0"
8.083333333333334,496,AV,3,0,2,905,4.179523809523809,"0,0,0,0"
4.033333333333333,6,AV,1,4,4,13,4.179523809523809,"0,0,0,0"
3.1666666666666665,679,AV,2,0,12,1241,4.179523809523809,"0,0,0,0"
6.85,603,AV,3,11,3,1100,4.179523809523809,"0,0,0,0"
7.5,342,AV,1,56,10,652,4.179523809523809,"0,0,0,0"
4.633333333333334,684,AV,3,11,3,1244,4.179523809523809,"0,0,0,0"
4.416666666666667,217,AV,1,11,40,380,4.179523809523809,"0,0,0,0"
6.4,512,AV,0,0,5,930,4.179523809523809,"0,0,0,0"
3.75,404,AV,1,7,4,775,4.179523809523809,"0,0,0,0"
3.7666666666666666,113,AV,3,7,4,225,4.179523809523809,"0,0,0,0"
3.0166666666666666,52,AV,3,0,12,112,4.179523809523809,"0,0,0,0"
4.8,329,AV,3,7,9,610,4.179523809523809,"0,0,0,0"
3.8333333333333335,256,AV,0,11,20,450,4.179523809523809,"0,0,0,0"
6.516666666666667,444,AV,2,1,10,822,4.179523809523809,"0,0,0,0"
5.833333333333333,227,AV,1,38,10,390,4.179523809523809,"0,0,0,0"
5.283333333333333,490,AV,3,4,5,900,4.179523809523809,"0,0,0,0"
2.816666666666667,317,AV,3,0,3,572,4.179523809523809,"0,0,0,0"
4.65,535,AV,3,11,3,978,4.179523809523809,"0,0,0,0"
5.766666666666667,196,AV,2,11,3,347,4.179523809523809,"0,0,0,0"
4.016666666666667,350,AV,0,4,40,676,4.179523809523809,"0,0,0,0"
3.8,664,AV,1,4,12,1220,4.179523809523809,"0,0,0,0"
5.033333333333333,231,AV,3,11,3,399,4.179523809523809,"0,0,0,0"
5.516666666666667,151,AV,2,11,3,285,4.179523809523809,"0,0,0,0"
4.8,292,AV,3,7,1,521,4.179523809523809,"0,0,0,0"
4.9,673,AV,0,4,3,1232,4.179523809523809,"0,0,0,0"
6.483333333333333,377,AV,1,7,10,710,4.179523809523809,"0,0,0,0"
3.933333333333333,77,AV,2,21,17,158,4.179523809523809,"0,0,0,0"
7.5,183,AV,0,17,3,332,4.179523809523809,"0,0,0,0"
5.433333333333334,296,AV,0,4,5,524,4.179523809523809,"0,0,0,0"
3.65,449,AV,1,8,63,840,4.179523809523809,"0,0,0,0"
6.133333333333334,274,AV,0,4,5,481,4.179523809523809,"0,0,0,0"
5.116666666666666,453,AV,3,4,4,853,4.179523809523809,"0,0,0,0"
5.833333333333333,234,AV,2,4,20,402,4.179523809523809,"0,0,0,0"
5.883333333333334,562,AV,0,11,2,1029,4.179523809523809,"0,0,0,0"
5.433333333333334,235,AV,2,4,20,403,4.179523809523809,"0,0,0,0"
4.3,14,AV,2,1,1,33,4.179523809523809,"0,0,0,0"
4.666666666666667,672,AV,3,7,90,1231,4.179523809523809,"0,0,0,0"
4.683333333333334,534,AV,1,82,1,976,4.179523809523809,"0,0,0,0"
6.133333333333334,313,AV,0,0,2,562,4.179523809523809,"0,0,0,0"
5.1,218,AV,1,8,9,381,4.179523809523809,"0,0,0,0"
5.283333333333333,7,AV,1,4,3,15,4.179523809523809,"0,0,0,0"
3.566666666666667,459,AV,1,7,9,861,4.179523809523809,"0,0,0,0"
7.083333333333333,564,AV,0,1,10,1039,4.179523809523809,"0,0,0,0"
5.933333333333334,645,AV,3,4,3,1176,4.179523809523809,"0,0,0,0"
5.2,615,AV,2,0,2,1124,4.179523809523809,"0,0,0,0"
5.1,37,AV,1,0,2,82,4.179523809523809,"0,0,0,0"
7.183333333333334,499,AV,2,0,2,907,4.179523809523809,"0,0,0,0"
1.95,622,AV,3,93,2,1139,4.179523809523809,"0,0,0,0"
2.9,401,AV,0,7,9,774,4.179523809523809,"0,0,0,0"
5.783333333333333,696,AV,0,4,3,1265,4.179523809523809,"0,0,0,0"
2.183333333333333,230,AV,0,4,4,398,4.179523809523809,"0,0,0,0"
8.083333333333334,652,AV,0,17,3,1198,4.179523809523809,"0,0,0,0"
4.1,671,AV,0,7,9,1230,4.179523809523809,"0,0,0,0"
5.866666666666666,182,AV,0,16,10,331,4.179523809523809,"0,0,0,0"
6.466666666666667,504,AV,0,0,5,913,4.179523809523809,"0,0,0,0"
6.966666666666667,681,AV,0,100,10,1243,4.179523809523809,"0,0,0,0"
4.0,283,AV,0,4,20,500,4.179523809523809,"0,0,0,0"
3.466666666666667,174,AV,0,8,32,323,4.179523809523809,"0,0,0,0"
8.033333333333333,0,Human,0,0,0,5,-8.033333333333333,"-8.037704920606872,-8.082980524221378,-8.186570362714294,-8.251075539580144"
0.65,2,Human,0,2,2,11,-0.65,"-0.6499999999999999,-1.310544909108352,-3.4010860355661343,-6.968603352067967"
3.1,4,Human,0,3,3,11,-3.1,"-3.1000000000000023,-3.1683255567086244,-3.1551294962592342,-3.1659062906602538"
5.45,5,Human,1,4,3,12,-5.45,"-5.470280232826317,-5.449999999999882,-5.451380522184152,-5.457061905136974"
5.416666666666667,8,Human,1,4,3,17,-5.416666666666667,"-5.675069328840292,-5.426502732240614,-5.6813234630031,-5.55866454460608"
2.4833333333333334,9,Human,0,5,2,25,-2.4833333333333334,"-2.4833333333333347,-2.488895749008299,-2.611374817835558,-2.543484582751748"
5.116666666666666,10,Human,1,4,3,26,-5.116666666666666,"-5.274498662173626,-5.14180327868809,-5.255245437069147,-5.264894301123188"
5.183333333333334,11,Human,1,4,3,28,-5.183333333333334,"-5.249296210457787,-5.172414687752567,-5.266793089912738,-5.248884204171647"
2.85,12,Human,3,0,3,30,-2.85,"-2.8829808073634657,-2.9917063985250394,-3.005779227656692,-2.8500000000000023"
4.583333333333333,13,Human,0,6,5,31,-4.583333333333333,"-4.577863694375108,-4.6729365010799135,-4.719364025560223,-4.812945524358051"
0.8666666666666667,16,Human,0,7,6,39,-0.8666666666666667,"-0.8666666666666667,-1.050407967362611,-1.9828099562359145,-1.7689318636021725"
1.6833333333333333,17,Human,0,8,7,55,-1.6833333333333333,"-1.687704918032711,-1.8413539313493574,-1.759112963543949,-2.4700871133190496"
4.116666666666666,19,Human,0,8,9,57,-4.116666666666666,"-4.116666666666786,-4.157984659201784,-4.177554225468446,-4.158037162338768"
4.633333333333334,20,Human,1,4,3,57,-4.633333333333334,"-4.721267196405567,-4.614754098361138,-4.679534328753876,-4.672148702351531"
3.283333333333333,22,Human,1,11,4,60,-3.283333333333333,"-3.3027481618841383,-3.2931693989071666,-3.509711212501158,-3.584248849689564"
4.1,23,Human,2,7,9,61,-4.1,"-4.116634139252204,-4.187010567826832,-4.1098309074902755,-4.239312080940725"
4.2,24,Human,1,12,10,69,-4.2,"-4.522648615192058,-4.191261988684739,-4.816280494425326,-4.447311862597107"
2.8333333333333335,25,Human,1,11,3,72,-2.8333333333333335,"-3.0028407475301133,-2.8333333333333357,-3.0853057565718864,-2.9147564857476467"
4.416666666666667,27,Human,1,11,3,73,-4.416666666666667,"-4.470630236855002,-4.406830601092833,-4.480014658917447,-4.687175726026532"
4.333333333333333,28,Human,1,11,3,75,-4.333333333333333,"-4.380563851682476,-4.33332817524972,-4.3777135310405,-4.364965007032253"
3.9166666666666665,29,Human,2,11,2,77,-3.9166666666666665,"-4.237325097192225,-4.215878493399952,-3.912300240050903,-4.3915982153955895"
4.4,30,Human,1,4,3,77,-4.4,"-4.699996661050363,-4.380327868852224,-4.481951244275677,-4.486557347424266"
4.4,31,Human,1,11,3,79,-4.4,"-4.507905218253868,-4.39016909250961,-4.651842925584115,-4.724465657533165"
4.366666666666666,33,Human,1,4,3,81,-4.366666666666666,"-4.412423995506959,-4.337163628029005,-4.443551244275676,-4.412230017613666"
3.433333333333333,34,Human,2,13,4,82,-3.433333333333333,"-3.4694152671003606,-3.4475044227626253,-3.4234921096760034,-3.5103755025984476"
4.233333333333333,38,Human,1,4,3,83,-4.233333333333333,"-4.32258332771703,-4.223502425843334,-4.412600995420542,-4.313219211272746"
4.266666666666667,41,Human,1,11,3,89,-4.266666666666667,"-4.591403570188335,-4.266666666666725,-4.380743214031473,-4.581030923228903"
4.233333333333333,42,Human,1,11,3,91,-4.233333333333333,"-4.310121129402085,-4.223502425843391,-4.363143214031473,-4.56449758989557"
6.55,43,Human,2,11,2,92,-6.55,"-6.5481901516927525,-6.68835195395411,-6.5437728512791935,-6.578117230547964"
4.216666666666667,45,Human,1,11,3,94,-4.216666666666667,"-4.330787796068751,-4.2122950819672305,-4.338209880698139,-4.54153758989557"
4.083333333333333,48,Human,2,4,4,101,-4.083333333333333,"-4.083330560180752,-4.083330509054673,-4.083330960249967,-4.09994877175754"
5.3,49,Human,1,4,3,105,-5.3,"-5.376249810457787,-5.294072916410418,-5.38021566484607,-5.325383188140299"
0.9666666666666667,50,Human,0,16,5,106,-0.9666666666666667,"-0.9666666666666668,-1.694644092338159,-1.0860939048045422,-1.2390377173187488"
5.25,51,Human,1,4,3,109,-5.25,"-5.333288317124453,-5.2514751663589525,-5.286558840996857,-5.288972756507247"
4.683333333333334,54,Human,0,7,10,125,-4.683333333333334,"-4.647394976051635,-4.689080858371398,-4.705917656377833,-4.715381734642885"
3.75,56,Human,3,7,4,128,-3.75,"-3.766694871809042,-3.7724110333504655,-3.7727577080568304,-3.754366426615839"
4.383333333333334,57,Human,3,1,1,129,-4.383333333333334,"-5.2418202203028645,-5.247052438629661,-5.241823005397131,-4.383323017166605"
3.933333333333333,59,Human,1,1,1,132,-3.933333333333333,"-4.655951809950631,-3.9278636937052642,-4.603181426679038,-4.6106018264055075"
4.9,60,Human,1,4,3,133,-4.9,"-4.9490805297389,-4.899989682492271,-4.995718129669767,-4.956979047603984"
4.333333333333333,63,Human,0,7,10,136,-4.333333333333333,"-4.25678591441159,-4.547320489661639,-4.451281705812712,-4.5865017346428845"
4.3,65,Human,2,7,9,139,-4.3,"-4.395100466754137,-4.4116368744705055,-4.306944806404588,-4.4084071209407245"
2.8333333333333335,66,Human,0,19,12,140,-2.8333333333333335,"-2.8333333333333357,-2.973406744180754,-2.844512085580381,-2.953249561307605"
2.8333333333333335,67,Human,0,20,3,141,-2.8333333333333335,"-2.8475306674391025,-2.8752622460828903,-3.2576528477481705,-2.9369418206447446"
3.6,68,Human,1,7,4,141,-3.6,"-3.608861836701494,-3.6043664266156665,-3.6111647144590804,-3.6074043890269705"
4.316666666666666,69,Human,0,8,9,142,-4.316666666666666,"-4.316666668618476,-4.625608787503483,-4.746409448502224,-4.600686332692906"
0.75,70,Human,0,13,14,149,-0.75,"-0.7543664266158803,-1.550674985616997,-1.550975105665016,-1.713744489876584"
4.233333333333333,71,Human,0,8,9,149,-4.233333333333333,"-4.236952568019365,-4.255210984379353,-4.337345143961112,-4.533646332692905"
2.5,72,Human,1,8,15,150,-2.5,"-2.588415356642938,-2.4727085441296444,-2.6597545195183905,-2.5089307917379196"
4.516666666666667,74,Human,1,4,3,154,-4.516666666666667,"-4.699063327717031,-4.525409836065399,-4.639814129669767,-4.5937127752145575"
4.916666666666667,75,Human,2,13,4,154,-4.916666666666667,"-4.933539322808655,-4.93600973721701,-4.921870935366697,-4.956008260643433"
4.566666666666666,76,Human,1,4,3,155,-4.566666666666666,"-4.6327779816995625,-4.566656348011633,-4.613961169743523,-4.601869939799885"
4.05,78,Human,0,22,9,160,-4.05,"-4.049999999999809,-4.100645940748166,-4.075691204662434,-4.145427991130311"
2.533333333333333,79,Human,0,4,18,160,-2.533333333333333,"-2.55300030639728,-4.891784827263223,-3.1181637241457145,-2.6475873308116133"
5.95,80,Human,1,11,3,164,-5.95,"-6.040504189484,-5.9367664732294125,-6.0902516569801435,-6.012403405249791"
4.283333333333333,81,Human,1,11,3,166,-4.283333333333333,"-4.629697679005673,-4.272664584559451,-4.8535903534923825,-4.778772321312063"
1.95,82,Human,0,23,2,167,-1.95,"-1.9401536182591759,-1.9513537635111777,-1.9625206950973335,-1.9656281290549342"
4.333333333333333,85,Human,1,11,3,172,-4.333333333333333,"-5.234527857177661,-4.344002082639339,-5.269481680373834,-5.161442040993894"
2.8833333333333333,86,Human,0,11,4,176,-2.8833333333333333,"-2.8734972677596073,-2.874674030162758,-3.0176390156264468,-3.148727243521583"
5.6,87,Human,1,11,3,178,-5.6,"-5.66512034291304,-5.587971108875283,-5.611369433899068,-5.660642600526207"
4.25,88,Human,1,11,3,179,-4.25,"-5.600285142145981,-4.247108740945798,-5.634103014639256,-5.618955564171668"
5.566666666666666,90,Human,1,11,3,181,-5.566666666666666,"-5.833876233345981,-5.587720818353218,-5.847426410965735,-5.670450085990314"
4.966666666666667,91,Human,1,0,2,181,-4.966666666666667,"-5.216267231039865,-4.962899127294897,-5.188019343952439,-5.293723940418987"
4.05,92,Human,1,4,3,183,-4.05,"-4.245489994383698,-4.060598733399106,-4.276680995420541,-4.341208969018197"
4.05,93,Human,1,4,3,186,-4.05,"-5.67311449531446,-4.048444502234041,-5.7007682797242545,-5.684684176323188"
2.1,95,Human,0,24,19,189,-2.1,"-2.0988967876580475,-2.209103243313164,-2.187372674051622,-3.1657627485839543"
5.45,96,Human,1,4,3,189,-5.45,"-5.581101139492984,-5.4235437247200675,-5.558802839724255,-5.6006249885478905"
5.55,97,Human,1,4,3,191,-5.55,"-5.575053328840292,-5.4954239544271415,-5.557606807724254,-5.533912086838312"
2.9166666666666665,103,Human,0,0,3,201,-2.9166666666666665,"-2.922136305624831,-2.9943563427114874,-2.9751387057002834,-2.933282544748331"
5.233333333333333,105,Human,1,4,3,204,-5.233333333333333,"-5.374167302692984,-5.22237999280837,-5.344491794979405,-5.524022321881226"
8.35,106,Human,2,17,3,204,-8.35,"-8.396823305027016,-8.39900402310293,-8.332710238465017,-8.340886923844685"
5.183333333333334,107,Human,1,4,3,212,-5.183333333333334,"-5.274156661050364,-5.175699784241737,-5.319027662087208,-5.570904544606079"
4.383333333333334,108,Human,0,4,20,213,-4.383333333333334,"-4.377196207218639,-4.817549591532852,-4.637035412428179,-4.630602937062223"
6.033333333333333,109,Human,2,1,10,220,-6.033333333333333,"-6.061289703265693,-6.059851760876544,-6.033328174713479,-6.062136981556786"
4.283333333333333,110,Human,0,4,20,221,-4.283333333333333,"-4.2744257557674326,-4.4128036560827315,-4.615302079094846,-4.4898029370622226"
4.566666666666666,112,Human,0,7,9,223,-4.566666666666666,"-4.558131667588305,-4.64154391822683,-4.614426434975317,-4.671356027607393"
5.033333333333333,114,Human,1,4,3,226,-5.033333333333333,"-5.399447995506957,-5.000218093333632,-5.582742129669766,-5.428067211272746"
4.633333333333334,115,Human,0,7,10,226,-4.633333333333334,"-5.1963210998588725,-5.6049361820462344,-5.6106867765032105,-5.607756602963652"
7.883333333333334,117,Human,2,17,3,229,-7.883333333333334,"-8.010524120990887,-8.149910689769598,-7.914627089153658,-7.942720468130247"
3.6666666666666665,120,Human,3,7,4,233,-3.6666666666666665,"-3.838976539246664,-3.820783411100883,-3.821720813871641,-3.6718709353666963"
4.883333333333334,121,Human,1,4,3,233,-4.883333333333334,"-5.611378129738902,-4.862823360449314,-5.660774129669767,-5.763445769018197"
4.2,123,Human,0,0,21,235,-4.2,"-4.191181657986252,-4.312181948819889,-4.202143186425413,-4.4574128721674455"
5.6,127,Human,0,27,2,240,-5.6,"-5.608519315814356,-5.638549603673906,-5.793865167664306,-5.773548549740357"
5.333333333333333,128,Human,1,16,10,245,-5.333333333333333,"-5.527260640600695,-5.331025486262777,-5.745381687274685,-5.554988327570315"
3.6333333333333333,130,Human,1,17,22,245,-3.6333333333333333,"-3.653483307424996,-3.6333333331203495,-3.6552286622282937,-3.666624995271177"
4.15,133,Human,3,16,9,248,-4.15,"-4.450398392400728,-4.2321777147893,-4.430711649003802,-4.162727325377602"
4.366666666666666,134,Human,1,11,3,249,-4.366666666666666,"-4.407430582349143,-3.71899527777109,-4.424407904558512,-4.419924857533165"
3.45,137,Human,0,28,9,261,-3.45,"-3.4445355197362804,-3.5112904978825097,-3.4573551340791155,-3.622040051009091"
1.7,138,Human,1,0,23,262,-1.7,"-1.871550940390379,-1.706689750559494,-1.9267325112500326,-1.9343259589160755"
1.3833333333333333,139,Human,0,29,3,264,-1.3833333333333333,"-1.3680327868853372,-1.5285910764593815,-1.6644014933547213,-1.4952748702072622"
3.05,140,Human,3,4,24,265,-3.05,"-3.7529788464544036,-3.5112832175062625,-3.4930796625216507,-3.0495042779609016"
1.8666666666666667,143,Human,0,30,25,268,-1.8666666666666667,"-1.8655634537882526,-1.9846679529637634,-1.978320422366211,-1.9758795296376293"
4.183333333333334,144,Human,1,4,3,269,-4.183333333333334,"-5.263234129738901,-4.196047059309839,-5.36236706457019,-5.257077769018197"
4.816666666666666,146,Human,3,11,26,271,-4.816666666666666,"-4.860753380909102,-4.828660149685551,-4.849952335172717,-4.758399658503685"
5.55,147,Human,1,11,3,272,-5.55,"-5.616732951587201,-5.544015508195897,-5.681141058917448,-5.637401636821226"
7.0,148,Human,0,4,16,280,-7.0,"-7.008341442671712,-7.057387095098745,-7.0446593472905725,-7.058287353605593"
4.416666666666667,149,Human,1,1,1,281,-4.416666666666667,"-4.56262779703499,-4.431707000139823,-4.47902739110046,-4.478388237626078"
4.033333333333333,150,Human,1,11,3,283,-4.033333333333333,"-4.5783102368550015,-4.0278408037808475,-4.493009880698139,-4.544798071916456"
4.066666666666666,154,Human,0,11,28,289,-4.066666666666666,"-4.078971758054477,-4.850910787837092,-5.014325382760736,-4.918390066147698"
4.783333333333333,155,Human,3,16,9,289,-4.783333333333333,"-4.803866075778006,-4.833976838498107,-4.802962254557534,-4.783328175249843"
4.9,156,Human,0,8,9,292,-4.9,"-4.902337178319157,-4.929768787503484,-5.275100892135113,-4.930579666026239"
4.4,157,Human,1,4,29,292,-4.4,"-5.4992306488970595,-4.419048237440305,-5.517594214316342,-5.559951049160871"
0.9,158,Human,0,31,2,293,-0.9,"-0.9000000000000007,-1.4011332970913348,-1.7062506211988038,-1.9857952828359569"
5.316666666666666,160,Human,1,4,3,295,-5.316666666666666,"-5.544194662173624,-5.294991287097139,-5.481320995420541,-5.53429654460608"
5.216666666666667,161,Human,1,4,3,296,-5.216666666666667,"-5.5205999955069585,-5.220205148974713,-5.585062129669766,-5.48402454460608"
5.15,162,Human,1,4,3,298,-5.15,"-5.350153596405567,-5.139924981346413,-5.3430034630031,-5.302259211272747"
3.85,163,Human,1,11,3,299,-3.85,"-4.949155107936427,-3.794871575194482,-5.1505674604672915,-4.9315197381545595"
3.75,164,Human,1,11,3,301,-3.75,"-4.845553401269761,-3.7631117102670615,-4.860332367133958,-4.860467459359866"
4.816666666666666,166,Human,3,17,5,305,-4.816666666666666,"-4.839130016880555,-4.838609430463264,-4.839044506490121,-4.824068916692708"
4.45,167,Human,3,32,9,306,-4.45,"-4.497534616974297,-4.573573917120231,-4.478522192923247,-4.459734269254669"
1.5833333333333333,168,Human,0,33,9,307,-1.5833333333333333,"-1.5833333322091125,-1.612625312984603,-1.8481491385365594,-1.7171344573708183"
2.5833333333333335,170,Human,0,0,3,315,-2.5833333333333335,"-2.584808500303098,-2.621299664822966,-2.6388907012375316,-2.601693943629895"
4.816666666666666,172,Human,1,4,3,320,-4.816666666666666,"-5.003143327717031,-4.795549900061678,-5.025854328753875,-4.974557347424266"
1.6166666666666667,177,Human,1,4,34,324,-1.6166666666666667,"-1.7872495279012681,-1.704264808635132,-1.821290999399029,-1.9538150986422718"
3.25,179,Human,1,34,10,329,-3.25,"-3.2499999997968945,-3.2499999998342157,-3.317765868430252,-3.340348900443691"
5.7,180,Human,0,8,9,329,-5.7,"-5.697667537140804,-5.753356861985714,-5.751220034751877,-5.704014699344193"
4.166666666666667,181,Human,0,8,9,330,-4.166666666666667,"-4.1728834981706076,-4.87088562400223,-4.859154225468446,-4.875086719590126"
4.516666666666667,187,Human,1,11,3,336,-4.516666666666667,"-4.781723570188335,-4.4982295006826805,-4.728674571225179,-4.632689572821226"
5.666666666666667,189,Human,1,16,10,338,-5.666666666666667,"-6.367350467417536,-5.580502376539578,-6.490305775760023,-6.305212595161948"
3.8333333333333335,190,Human,3,1,1,339,-3.8333333333333335,"-4.681131573312468,-4.680358642317547,-4.68760304630807,-3.8195940683978895"
3.75,195,Human,0,1,1,346,-3.75,"-3.732646659669774,-3.8849247004162555,-3.9091400836241257,-3.8880238009946506"
6.066666666666666,197,Human,2,0,2,347,-6.066666666666666,"-6.202916055347773,-6.217902723475616,-6.074170713777923,-6.154666201868152"
4.216666666666667,199,Human,1,11,3,351,-4.216666666666667,"-4.352654462735418,-4.20980485291973,-4.545083656980143,-4.334694991487893"
4.333333333333333,200,Human,1,4,3,351,-4.333333333333333,"-4.698263327717031,-4.302945526713071,-4.470751244275676,-4.678077347424266"
4.15,201,Human,1,11,3,353,-4.15,"-4.520787796068752,-4.1551970541819845,-4.676301237891845,-4.500284256562236"
5.233333333333333,202,Human,0,4,20,354,-5.233333333333333,"-4.688458293719703,-5.432610564198154,-5.3928343449305824,-5.351936349687353"
4.95,204,Human,0,4,20,356,-4.95,"-5.03344233864126,-5.227188484198155,-5.204290131163227,-5.22819917635402"
4.95,205,Human,0,4,20,357,-4.95,"-5.045667817011357,-5.369930405247693,-5.296858664496561,-5.323272029687354"
3.1666666666666665,207,Human,1,4,38,362,-3.1666666666666665,"-3.2233900445294106,-3.1689848340678286,-3.4851333311284263,-3.259798540895992"
4.15,208,Human,1,11,3,366,-4.15,"-4.291854462735419,-4.123399575708769,-4.30460988069814,-4.496150923228903"
5.083333333333333,209,Human,0,4,20,368,-5.083333333333333,"-4.944601019892499,-5.266731471914359,-5.228342397829895,-5.244769879719823"
3.1,210,Human,0,35,3,370,-3.1,"-3.0999999994079688,-3.102913268193033,-3.1036581892784048,-3.1094970927673082"
3.95,211,Human,1,11,3,374,-3.95,"-4.346121129402086,-3.943242939101225,-4.472727904558512,-4.446648738583122"
3.25,212,Human,0,36,20,375,-3.25,"-3.282673106723404,-3.396464296192039,-3.7138780101297377,-3.393477156367387"
4.733333333333333,213,Human,1,0,39,376,-4.733333333333333,"-5.02222795170094,-4.558551339331791,-5.013713280408951,-4.842944834577792"
6.333333333333333,215,Human,0,1,10,378,-6.333333333333333,"-6.3304369138971195,-6.353069271429274,-6.355988564187525,-6.360331502586299"
4.75,216,Human,2,11,2,379,-4.75,"-5.013121595855773,-4.919862493399951,-4.7577826518137325,-5.055923779615876"
5.216666666666667,219,Human,1,11,3,382,-5.216666666666667,"-5.306078515720095,-5.232038309161492,-5.272854976299068,-5.2943907837366195"
4.083333333333333,220,Human,1,1,1,382,-4.083333333333333,"-4.241476334544472,-4.0952984054852015,-4.240028897054653,-4.231580757243188"
2.05,221,Human,3,37,41,383,-2.05,"-2.0760709101261337,-2.083183896981352,-2.1046362255317463,-2.0372675166927183"
6.466666666666667,222,Human,0,8,9,383,-6.466666666666667,"-6.466666667340334,-6.624561357335563,-6.6733873803747565,-6.613521919590127"
5.233333333333333,223,Human,1,11,3,384,-5.233333333333333,"-5.235821281015809,-5.199564496478167,-5.332897858917448,-5.262368345190315"
3.183333333333333,225,Human,0,11,20,387,-3.183333333333333,"-3.22860979942898,-4.4349831673374895,-4.477168572413848,-4.485452740363533"
5.083333333333333,226,Human,1,11,3,389,-5.083333333333333,"-5.14996295899101,-5.108001122070494,-5.198501442783609,-5.306795281396991"
4.683333333333334,228,Human,0,4,20,395,-4.683333333333334,"-4.512935624336825,-4.65045625819952,-4.69045499660921,-4.714599213053156"
4.45,236,Human,0,4,20,411,-4.45,"-4.42173525794337,-4.689949591532852,-4.6314354124281785,-4.631628546386489"
5.733333333333333,237,Human,1,4,5,412,-5.733333333333333,"-6.143740454458735,-5.735665351442775,-6.1804191826672215,-6.064990873566387"
2.966666666666667,238,Human,0,39,9,413,-2.966666666666667,"-2.963770248936689,-3.303257628413727,-3.0753505106578274,-3.0705195518092046"
1.9,239,Human,0,40,20,413,-1.9,"-1.9077774882111944,-2.0169693449734107,-1.980248130929838,-2.026189810697498"
4.15,240,Human,0,41,2,414,-4.15,"-4.146206667650886,-4.2956924604024485,-4.201588324236404,-4.3326892257147644"
6.466666666666667,241,Human,2,4,2,414,-6.466666666666667,"-6.950381338640021,-6.971723436071726,-6.651120241555859,-6.9776112915826"
5.25,242,Human,0,42,20,418,-5.25,"-4.74390903125179,-5.358104767646369,-5.3115660944472065,-5.252084159695081"
4.566666666666666,243,Human,1,11,3,419,-4.566666666666666,"-4.65596127819741,-4.5722620949434605,-4.676101553732587,-4.642557994635394"
5.216666666666667,245,Human,0,4,20,423,-5.216666666666667,"-5.2226183707686715,-5.594205006559616,-5.725471997829894,-5.679000970442526"
3.0833333333333335,247,Human,1,11,3,427,-3.0833333333333335,"-4.487222161879314,-3.7799413341680475,-4.477462208299068,-4.493465137165585"
2.716666666666667,248,Human,0,43,20,429,-2.716666666666667,"-2.74500617039483,-3.661226828574483,-3.2219525569075724,-3.3077912953172635"
2.5833333333333335,249,Human,0,11,20,429,-2.5833333333333335,"-3.3086505044134595,-3.8865289591718617,-3.8170273821839755,-3.7476615734846863"
5.133333333333334,250,Human,1,16,10,434,-5.133333333333334,"-5.458508640600695,-5.135670952607793,-5.475303820608018,-5.407796742796225"
2.0833333333333335,251,Human,3,0,3,435,-2.0833333333333335,"-2.1078891113646225,-2.2557912476953743,-2.277780043213581,-2.0898339244702773"
3.5166666666666666,252,Human,0,11,20,438,-3.5166666666666666,"-3.5988309022557896,-3.8930622925051948,-3.8774273821839755,-3.803128240151353"
4.566666666666666,253,Human,2,1,1,446,-4.566666666666666,"-4.684923089714528,-4.870848137115189,-4.5356700760728,-4.577000222892803"
4.716666666666667,254,Human,3,1,1,448,-4.716666666666667,"-5.187545883160506,-5.09184927305928,-5.201541273412668,-4.715111377873569"
5.033333333333333,257,Human,1,1,42,450,-5.033333333333333,"-5.409361866756997,-5.0050369765329,-5.326537866347614,-5.251753222504606"
2.7666666666666666,258,Human,0,11,4,451,-2.7666666666666666,"-3.026880040558933,-4.028906790245768,-4.3291031846232375,-3.989189107379056"
4.75,259,Human,3,1,1,452,-4.75,"-5.049068796381194,-5.220647004444473,-5.157746053910079,-4.74914798553046"
1.3333333333333333,260,Human,0,31,2,453,-1.3333333333333333,"-1.3459398513139191,-1.4011332970913348,-1.7062506211988038,-1.9857952828359569"
5.033333333333333,261,Human,0,11,2,453,-5.033333333333333,"-5.0268223950023,-5.408541820620775,-5.416601012557717,-5.464781288960818"
4.716666666666667,263,Human,0,4,20,456,-4.716666666666667,"-4.711592927390475,-4.923714339892949,-4.907547997287368,-4.85372454638649"
6.516666666666667,265,Human,0,4,5,459,-6.516666666666667,"-6.506850055514855,-6.527880312288124,-6.585325835284158,-6.525481421029783"
3.283333333333333,266,Human,0,44,20,462,-3.283333333333333,"-3.1184228432368046,-3.463676728844454,-3.467988558014999,-3.4518298196053085"
4.6,267,Human,1,21,4,462,-4.6,"-4.627661243710503,-4.553971659907482,-4.688189492256514,-4.644863331469377"
4.3,269,Human,0,21,43,465,-4.3,"-4.300934477232273,-4.328962860537564,-4.363942662716525,-4.329472248011426"
3.183333333333333,270,Human,0,43,2,468,-3.183333333333333,"-3.205908284999733,-5.807835993359082,-5.749242454659422,-5.933400764083366"
1.05,271,Human,1,45,10,474,-1.05,"-1.2575271843319042,-1.0378509262334612,-1.1276765711912289,-1.117757798536425"
3.85,272,Human,0,11,4,474,-3.85,"-3.852307226795109,-4.152952974797342,-4.085022303334259,-3.910838328132042"
1.2333333333333334,275,Human,0,2,2,482,-1.2333333333333334,"-1.2395553243483932,-1.310544909108352,-3.4010860355661343,-6.968603352067967"
4.716666666666667,277,Human,1,16,10,484,-4.716666666666667,"-5.823776931403379,-5.132591777001324,-5.923328886366695,-5.964399409462892"
2.7,278,Human,0,46,3,487,-2.7,"-2.702332463409455,-2.7293365818609665,-2.740374301407214,-2.774114187647702"
4.15,279,Human,3,1,1,491,-4.15,"-4.8225992421513455,-4.800588775537796,-4.789560977094451,-4.141177385021079"
4.25,281,Human,3,1,1,495,-4.25,"-5.24026305407507,-5.240513915871249,-5.234627241314236,-4.249072005515016"
1.3,284,Human,0,48,3,504,-1.3,"-1.2976921501509373,-1.3469472742300663,-1.9859290008299932,-1.3189111440112404"
5.05,286,Human,3,1,1,508,-5.05,"-5.102332633801041,-5.101981545748133,-5.10229179054185,-5.027082241784255"
4.416666666666667,288,Human,1,50,12,515,-4.416666666666667,"-4.5829127031259285,-4.384938968004852,-4.612088428971543,-4.585799147643858"
2.3666666666666667,289,Human,0,22,20,515,-2.3666666666666667,"-2.394938878897147,-2.5432133959415304,-2.5389206568156424,-2.545630961383834"
1.8,293,Human,0,16,46,521,-1.8,"-1.7870636158601727,-2.0578036231051096,-2.064405618074444,-2.0424836889399387"
4.066666666666666,298,Human,0,11,47,528,-4.066666666666666,"-4.048590072053966,-4.218276953650863,-4.118965641741837,-4.125977421086889"
5.1,299,Human,1,11,5,529,-5.1,"-5.1524345686774655,-5.117715215103225,-5.155396699370947,-5.173785495653183"
2.0,300,Human,0,51,20,531,-2.0,"-2.0476478416233586,-2.1732302320496233,-2.2546072032844817,-2.2275229711755116"
5.3,302,Human,0,4,5,534,-5.3,"-5.294247020069257,-5.305725206906514,-5.3583666977254945,-5.309611235203179"
4.1,304,Human,0,11,20,537,-4.1,"-3.898996277489161,-4.144605200536659,-4.037660191264411,-4.086194073696865"
3.933333333333333,305,Human,0,17,5,541,-3.933333333333333,"-3.9211842593059565,-3.974816494776457,-3.9791301016879035,-4.01303778265806"
3.95,307,Human,0,11,20,547,-3.95,"-3.7559964935712262,-3.89610316733749,-3.886688572413847,-3.8915692587877495"
5.033333333333333,309,Human,2,11,5,549,-5.033333333333333,"-5.199522354006106,-5.2114768382338905,-5.041597589519652,-5.206859788642014"
6.366666666666666,310,Human,1,11,5,551,-6.366666666666666,"-6.387904268113856,-6.373335118543038,-6.3845390395939265,-6.412603365741832"
6.333333333333333,311,Human,2,4,5,552,-6.333333333333333,"-6.376247065758803,-6.363063071173627,-6.344169916232766,-6.380329402431598"
2.4166666666666665,312,Human,3,52,20,555,-2.4166666666666665,"-2.5004361516570404,-2.4820879111191667,-2.478918447873903,-2.4110962698323575"
2.9166666666666665,314,Human,0,0,3,563,-2.9166666666666665,"-2.9166666679883644,-2.9443152688016156,-2.9643242439852115,-2.933085510789587"
2.8666666666666667,315,Human,0,0,3,564,-2.8666666666666667,"-2.857848326187294,-2.914548699335352,-2.901418904981515,-2.8982784385876963"
4.566666666666666,316,Human,1,0,2,565,-4.566666666666666,"-5.133648419368812,-4.566121273411688,-5.378480875836983,-5.089743245414983"
3.6,318,Human,0,11,20,573,-3.6,"-3.4331837294743144,-3.6627956258385286,-3.580627382183976,-3.6887282401513524"
2.216666666666667,322,Human,0,8,49,593,-2.216666666666667,"-2.2069324019868866,-2.2225160163186946,-2.3343725461963043,-2.242638412210223"
1.05,323,Human,0,4,50,593,-1.05,"-1.0597342686023923,-1.1702291682966428,-1.191131437525106,-1.192731740863894"
5.583333333333333,324,Human,2,4,5,599,-5.583333333333333,"-5.6082393327724,-5.600176471515473,-5.590007386132042,-5.598728313879518"
4.466666666666667,325,Human,0,17,5,600,-4.466666666666667,"-4.457847882978641,-4.4957292209662825,-4.495953154259465,-4.49566586709242"
4.116666666666666,328,Human,0,7,10,607,-4.116666666666666,"-4.1472445896958545,-4.727353332077048,-4.697220355265452,-4.675982187714308"
5.133333333333334,330,Human,0,7,10,611,-5.133333333333334,"-4.0722100653684326,-5.064132631051375,-5.085632056768122,-5.0865183208808915"
2.9,331,Human,0,7,9,613,-2.9,"-2.794914734881233,-3.801255409781465,-3.7477060770115544,-3.874941336795131"
3.683333333333333,333,Human,0,0,51,615,-3.683333333333333,"-3.6973154726010375,-3.713503950601451,-3.710317686027582,-3.709615284630106"
3.933333333333333,336,Human,0,7,9,618,-3.933333333333333,"-3.935183297132952,-4.017629556450205,-4.111327558559517,-3.970625434509241"
3.533333333333333,338,Human,0,11,20,634,-3.533333333333333,"-3.5444532790782945,-3.574327865631494,-3.721827382183975,-3.6291282401513523"
4.2,339,Human,3,11,4,637,-4.2,"-4.199263207979109,-4.199978554399034,-4.312808970000926,-4.194790129047643"
3.6666666666666665,340,Human,0,55,20,645,-3.6666666666666665,"-3.6596068324432682,-3.921257963781626,-3.8496300355246498,-3.941187244185508"
5.183333333333334,341,Human,0,17,5,645,-5.183333333333334,"-5.1883453956400185,-5.245036341661021,-5.331565532968893,-5.353177991988203"
4.366666666666666,345,Human,0,7,10,667,-4.366666666666666,"-4.350446650769915,-4.582890914703722,-4.662637070472292,-4.507927168303606"
5.783333333333333,346,Human,0,0,2,670,-5.783333333333333,"-5.772834406823533,-6.098194086482187,-5.931754995161952,-6.018968272335191"
4.25,347,Human,3,24,54,673,-4.25,"-4.718477123305258,-4.35218489564634,-4.768741102186946,-4.260862306894809"
5.583333333333333,351,Human,1,8,10,676,-5.583333333333333,"-5.8331610092941855,-5.587978365513965,-5.997670798162249,-5.998145397045841"
2.4833333333333334,354,Human,0,0,3,679,-2.4833333333333334,"-2.4969627328252653,-2.597966331489633,-2.6155573679041986,-2.518535847616538"
2.9166666666666665,355,Human,0,7,55,680,-2.9166666666666665,"-2.9234216723842246,-3.078335283429427,-3.0749090280777542,-3.0199920177830792"
4.05,356,Human,1,13,56,680,-4.05,"-4.094460817579683,-4.03804963439059,-4.096216691568611,-4.091046448834361"
2.4166666666666665,358,Human,0,0,3,680,-2.4166666666666665,"-2.4288157397847407,-2.8677063985250397,-2.6155573679041986,-2.61633726508472"
7.116666666666666,359,Human,1,8,10,681,-7.116666666666666,"-7.148842508340233,-7.096263720540341,-7.135472881593925,-7.283678120776005"
2.466666666666667,360,Human,1,1,57,682,-2.466666666666667,"-2.500699124916391,-2.470849087651513,-2.5064551256902514,-2.513546723173527"
4.033333333333333,361,Human,0,7,10,684,-4.033333333333333,"-4.012583505613847,-4.550389705410382,-4.422313389711167,-4.5941337346428845"
3.283333333333333,362,Human,2,59,10,686,-3.283333333333333,"-3.2932398757526467,-3.3021110595466405,-3.2869474101025156,-3.293004502379064"
4.2,363,Human,0,7,10,686,-4.2,"-4.138116422994641,-4.721753798429644,-4.712904569415148,-4.7703160543809755"
2.033333333333333,368,Human,0,47,2,693,-2.033333333333333,"-2.031020774895477,-2.1016136043589504,-2.1307075746065167,-2.114600797704251"
2.35,369,Human,0,60,5,694,-2.35,"-2.34768655235264,-2.372155672152868,-2.421959707148887,-2.5144636256230357"
3.933333333333333,370,Human,0,7,10,694,-3.933333333333333,"-3.9325534215071563,-4.446528248037055,-4.474283523044501,-4.464389734642885"
2.8333333333333335,373,Human,0,7,9,697,-2.8333333333333335,"-2.838800361088551,-3.5205991024436045,-3.447902268745656,-3.593974507419247"
2.95,374,Human,0,7,9,699,-2.95,"-3.096839747549917,-3.893677940450205,-3.881217792135395,-4.008355236762658"
2.066666666666667,375,Human,3,0,3,706,-2.066666666666667,"-2.2162983465488866,-2.2557912476953743,-2.277780043213581,-2.135247612572586"
4.016666666666667,376,Human,0,7,9,707,-4.016666666666667,"-4.004517596776471,-4.0161871267601645,-4.211821058828448,-4.090267174274059"
5.033333333333333,378,Human,0,7,10,711,-5.033333333333333,"-5.045108123058471,-5.330924998429643,-5.490577325102268,-5.525870187714308"
5.083333333333333,379,Human,0,17,5,714,-5.083333333333333,"-5.075924232532426,-5.1455865291544995,-5.159277414683657,-5.179763559459782"
1.15,380,Human,0,61,2,715,-1.15,"-1.1528912601802292,-1.2191972212931248,-3.742237715820669,-1.2739179329039032"
3.55,383,Human,0,63,5,726,-3.55,"-3.539890494777639,-4.0625134195339765,-4.130356520000658,-4.02960292547994"
1.9166666666666667,384,Human,2,64,1,729,-1.9166666666666667,"-1.943780064884125,-1.9782943147597414,-1.9240879252814744,-1.9327576381146463"
4.183333333333334,385,Human,2,0,59,729,-4.183333333333334,"-4.236314797677543,-4.187157930271976,-4.183332890615256,-4.292947740016612"
5.4,386,Human,1,11,3,732,-5.4,"-5.5967281894840015,-5.39766798176912,-5.6242569903134765,-5.489422714154559"
1.25,387,Human,1,65,2,733,-1.25,"-1.5444927142923404,-1.2473018482752167,-1.6445111665976686,-1.577538603634398"
2.9,388,Human,0,66,1,736,-2.9,"-2.901952508661221,-2.9315272403236485,-3.1405320902731146,-2.9509483386178093"
2.65,389,Human,0,16,12,738,-2.65,"-2.640747341393002,-2.819846559098802,-2.7872145552245375,-2.949106552916343"
6.066666666666666,390,Human,2,4,5,741,-6.066666666666666,"-6.102505177811173,-6.0796660702875895,-6.064334205925196,-6.109241413741931"
4.683333333333334,391,Human,0,67,5,746,-4.683333333333334,"-4.663687068492808,-5.363414122323954,-5.311735271763491,-5.413021386320635"
2.433333333333333,392,Human,1,68,2,751,-2.433333333333333,"-2.4139392680671987,-2.4114448229129284,-2.5262380888424483,-2.440662132902117"
0.8333333333333334,393,Human,0,69,12,752,-0.8333333333333334,"-0.8431499441540111,-2.1600544465446365,-1.3885305021936782,-1.3882303821456592"
0.6833333333333333,395,Human,0,16,5,752,-0.6833333333333333,"-0.6785916603987233,-1.694644092338159,-1.0860939048045422,-1.2390377173187488"
2.7666666666666666,396,Human,0,32,5,761,-2.7666666666666666,"-2.766667109742765,-2.805264947562468,-2.793062892834124,-2.9127639899732394"
4.6,397,Human,3,17,5,767,-4.6,"-4.618880196425583,-4.617247628198724,-4.618038345769932,-4.612148628867781"
3.75,398,Human,3,7,4,769,-3.75,"-3.7685182099772,-3.7656401348715365,-3.7719600489764846,-3.739331252086611"
1.9333333333333333,403,Human,0,4,4,775,-1.9333333333333333,"-1.9452965457844165,-2.6882990440870462,-2.7558665955673773,-2.9868782892044896"
5.533333333333333,405,Human,1,0,2,776,-5.533333333333333,"-5.928098396938619,-5.524807015249653,-6.123861477285772,-5.9958642588570665"
3.95,406,Human,0,7,10,777,-3.95,"-3.9482623683034865,-4.236816248037055,-4.274483004757031,-4.295473834970273"
2.3,407,Human,0,0,3,778,-2.3,"-2.294345909709083,-2.5612996648229664,-2.5788907012375315,-2.3309947545454968"
2.8,408,Human,0,7,9,779,-2.8,"-2.7927977130504518,-3.115228644108472,-2.9497674519771917,-2.880408908087354"
3.683333333333333,409,Human,2,11,60,779,-3.683333333333333,"-3.8093481395437943,-3.8516133301495694,-3.682256273072431,-3.8431497379369315"
5.716666666666667,412,Human,3,1,10,780,-5.716666666666667,"-5.720477338325247,-5.720895713931097,-5.720433427644648,-5.712002628483664"
1.8333333333333333,415,Human,0,4,4,783,-1.8333333333333333,"-2.8510126735428605,-3.2355638496153714,-3.2310163063963184,-3.3129692980302585"
4.316666666666666,416,Human,0,7,10,784,-4.316666666666666,"-4.612727160241043,-5.232956558476678,-5.222039313102313,-5.223426356473746"
3.533333333333333,417,Human,3,7,4,786,-3.533333333333333,"-3.6464896313793016,-3.6453914806825862,-3.6462613021736177,-3.5249775902723006"
4.016666666666667,419,Human,0,7,10,788,-4.016666666666667,"-4.058354198527718,-4.588703518743715,-4.584276056377834,-4.420128401309552"
4.4,420,Human,1,11,3,789,-4.4,"-4.415946818253868,-4.395812416350293,-4.4438553123738345,-4.436461229752252"
4.316666666666666,423,Human,1,11,3,794,-4.316666666666666,"-4.379004951587202,-4.316664522812617,-4.361432258917449,-4.342637734925585"
5.433333333333334,424,Human,0,0,5,796,-5.433333333333334,"-5.435178143731555,-6.230138232596719,-6.1246507791172675,-6.576077388606131"
2.05,425,Human,3,0,3,797,-2.05,"-2.3345827327770614,-2.2557912476953743,-2.277780043213581,-2.064082986845793"
5.483333333333333,427,Human,0,0,5,801,-5.483333333333333,"-5.477328630456116,-6.109929058620533,-6.448672498635053,-6.513037388606132"
5.4,428,Human,0,0,5,802,-5.4,"-5.45680045632145,-6.255051446516255,-6.3069472899604815,-6.694264055272797"
4.4,430,Human,1,1,1,803,-4.4,"-4.617789821104956,-4.3999948600094685,-4.583272518496398,-4.622835633908423"
6.766666666666667,431,Human,0,0,5,804,-6.766666666666667,"-6.020947614588967,-6.75411935420396,-6.743403165301719,-6.742125910884906"
1.95,432,Human,3,0,3,805,-1.95,"-2.6492156156439863,-2.7663730651917064,-2.8644458943233584,-1.9428010994383555"
6.833333333333333,434,Human,0,0,5,807,-6.833333333333333,"-6.837525788190696,-7.186500629289444,-7.3637518655747085,-7.328242595374591"
6.833333333333333,435,Human,0,0,2,811,-6.833333333333333,"-6.823148353031998,-7.021452566921644,-7.0615535582590185,-7.202178925523734"
6.616666666666666,436,Human,2,1,10,814,-6.616666666666666,"-6.627418663903973,-6.6320675628656645,-6.613775405361383,-7.0415129725797465"
4.733333333333333,437,Human,3,1,1,815,-4.733333333333333,"-4.769111036381194,-4.9039052310072995,-4.7504603377933785,-4.724715300595369"
5.033333333333333,439,Human,3,71,2,816,-5.033333333333333,"-5.152740686710818,-5.226720657985067,-5.130306126747317,-5.0255459902441775"
6.316666666666666,441,Human,0,17,5,818,-6.316666666666666,"-6.3252016818912065,-6.728915655675017,-6.747923403470524,-6.722685299110072"
2.6666666666666665,446,Human,0,0,62,824,-2.6666666666666665,"-2.6448938440449608,-2.7802252736366526,-2.9121674158110498,-2.9506140613055933"
3.5166666666666666,447,Human,0,72,20,832,-3.5166666666666666,"-3.5166666666299795,-3.9282423150080916,-4.002707816666653,-3.9193267425821885"
1.65,448,Human,0,73,2,833,-1.65,"-1.628219055600029,-1.9106750115452948,-1.7051482652096115,-1.7497385131158296"
5.766666666666667,450,Human,0,17,5,851,-5.766666666666667,"-5.769002086255016,-6.196308622927104,-6.144029952015359,-6.0656164705843585"
1.2666666666666666,451,Human,3,64,64,851,-1.2666666666666666,"-1.9378395377179312,-1.3315253997066556,-1.3924256273283022,-1.2601700225075583"
4.133333333333334,452,Human,0,4,20,852,-4.133333333333334,"-4.131858164413022,-4.245736989416065,-4.168102079094845,-4.3070156829831125"
2.933333333333333,458,Human,0,13,39,861,-2.933333333333333,"-2.930461087940791,-3.046887931918808,-3.1139315925074134,-3.0668895757006913"
5.5,460,Human,0,74,10,862,-5.5,"-5.5085281680104945,-5.586450121807153,-5.569223608412984,-5.592729610909058"
5.0,463,Human,3,1,1,866,-5.0,"-5.053811164367151,-5.0565238894777,-5.049087752540019,-4.996112169324353"
3.966666666666667,464,Human,0,75,1,869,-3.966666666666667,"-3.98901504527009,-4.074148777485941,-4.031232138049769,-4.257230819988182"
3.7666666666666666,465,Human,1,7,1,870,-3.7666666666666666,"-3.894557338671233,-3.7548874056504107,-3.8099686195833415,-3.7957229446182863"
5.333333333333333,467,Human,0,7,66,873,-5.333333333333333,"-5.362145106184159,-5.557000400658964,-5.813269184770935,-5.730278335443443"
2.45,468,Human,1,21,39,874,-2.45,"-2.4844589190262143,-2.456516080140625,-2.5827949927271123,-2.52152616888368"
3.1666666666666665,471,Human,0,4,4,877,-3.1666666666666665,"-3.2285552930077537,-3.494936840447649,-3.2699028957180105,-3.8111026313635916"
4.866666666666666,472,Human,0,4,12,878,-4.866666666666666,"-4.8684588134372255,-4.991637696860443,-4.962748241552903,-5.005020441007027"
2.3333333333333335,473,Human,2,67,67,884,-2.3333333333333335,"-2.4789308161552466,-2.4461193405974893,-2.332313869004916,-2.446220355735115"
5.45,475,Human,2,1,10,887,-5.45,"-7.431462714897292,-7.487741399581616,-5.451753763730646,-7.512282155012484"
3.3,476,Human,0,8,68,889,-3.3,"-3.310649730301959,-3.3711833707204226,-3.3795395289234467,-3.3905501208942654"
5.466666666666667,477,Human,2,1,10,890,-5.466666666666667,"-7.580366071158118,-7.50925331188577,-5.46694572046175,-7.535619185072269"
3.8833333333333333,479,Human,3,8,0,894,-3.8833333333333333,"-3.9106656447235784,-3.912228871498881,-3.922871269684223,-3.8810064730842413"
3.0,482,Human,1,11,69,895,-3.0,"-3.0024645844709066,-2.9872254131106017,-3.110609774756915,-3.191430719577295"
6.133333333333334,484,Human,3,1,1,896,-6.133333333333334,"-6.4491190552777935,-6.6652875342827524,-6.449904196587103,-6.1627848847404225"
5.033333333333333,486,Human,2,4,5,898,-5.033333333333333,"-5.09677860762929,-5.125194872107192,-5.040843921720997,-5.102447551638432"
5.416666666666667,487,Human,0,0,5,898,-5.416666666666667,"-5.40359299389077,-6.347739263551038,-6.630594320029484,-6.3197307219394645"
3.9166666666666665,488,Human,0,76,20,899,-3.9166666666666665,"-3.913961863058955,-4.561016889606604,-4.760324494598504,-4.624591815392364"
3.6666666666666665,491,Human,0,77,10,901,-3.6666666666666665,"-3.634875252267764,-3.8784974166363395,-3.7584457019904836,-3.7610959036240517"
5.4,494,Human,0,0,5,903,-5.4,"-5.744837598622752,-6.5523704879064315,-6.719518084170707,-6.8220992573651245"
6.433333333333334,495,Human,0,0,2,904,-6.433333333333334,"-5.881347812802053,-6.407575747396118,-6.552638640133486,-6.700791599201486"
6.816666666666666,497,Human,0,4,5,905,-6.816666666666666,"-6.821288902917713,-6.889986257669839,-6.978536293522911,-6.972638502038435"
6.366666666666666,500,Human,2,4,5,908,-6.366666666666666,"-6.500614857069746,-6.49961552576479,-6.33651139270323,-6.686967302537414"
6.433333333333334,501,Human,0,0,5,911,-6.433333333333334,"-6.434440276643441,-6.536064782354758,-6.6308939566271485,-6.709175293039738"
7.666666666666667,503,Human,2,1,10,912,-7.666666666666667,"-7.790750606828609,-7.806038245199066,-7.328760614516378,-7.792749908694496"
2.95,507,Human,0,16,71,921,-2.95,"-2.943056887153272,-3.0248840230116527,-3.030648799995161,-3.046109354036791"
1.6833333333333333,511,Human,0,0,12,925,-1.6833333333333333,"-1.6963802291686942,-1.7993650437342792,-2.0149812123159734,-2.017390175901408"
3.0,513,Human,1,78,5,931,-3.0,"-3.0578356263871376,-3.007967076908749,-3.050228695653928,-3.0208634724611647"
2.783333333333333,515,Human,0,0,3,932,-2.783333333333333,"-2.7851008139149918,-2.9790397318583732,-2.984445894323359,-2.8348045318775763"
6.383333333333334,516,Human,1,1,73,938,-6.383333333333334,"-6.200909642409846,-5.881811911173285,-6.1819681110328375,-6.210658825915904"
2.9833333333333334,517,Human,0,79,1,942,-2.9833333333333334,"-2.9833333329250125,-3.029813048950436,-3.305628727181185,-3.062854442964782"
1.9166666666666667,518,Human,0,80,3,942,-1.9166666666666667,"-1.9264832765859006,-1.9608867585108603,-1.9631386285053942,-2.00689555702667"
5.316666666666666,520,Human,3,1,1,948,-5.316666666666666,"-5.57933577326424,-5.741046453058444,-5.563038401211984,-5.336225672758115"
5.45,521,Human,1,1,74,953,-5.45,"-5.738872964576263,-5.5651624847318315,-5.728258793429435,-5.768594795781258"
7.333333333333333,523,Human,2,1,10,957,-7.333333333333333,"-7.385369039994208,-7.383347515096724,-7.333333331769586,-7.592093232464044"
5.866666666666666,524,Human,0,4,5,957,-5.866666666666666,"-5.859822648388709,-5.9228988619208796,-5.920163530773542,-6.035390952768385"
3.2333333333333334,525,Human,3,1,75,959,-3.2333333333333334,"-3.2700460034733094,-3.1870586229300804,-3.2238702426998644,-3.0850265313488396"
5.683333333333334,529,Human,0,4,5,969,-5.683333333333334,"-5.662729164285773,-5.702036346683868,-5.747240525427215,-5.9102282861017175"
5.016666666666667,530,Human,3,1,1,970,-5.016666666666667,"-5.465853766028457,-5.411429622015352,-5.490425971591155,-5.101365239510324"
4.333333333333333,531,Human,1,11,3,973,-4.333333333333333,"-4.452532601269762,-4.336952993652686,-4.447872990313476,-4.483221924199832"
5.2,532,Human,2,1,1,973,-5.2,"-5.763056015883456,-5.735156573710698,-5.206619581800317,-5.67644991146855"
5.566666666666666,533,Human,0,0,2,974,-5.566666666666666,"-5.537271554200055,-6.2069178757045185,-6.1301475047819185,-6.181224258857068"
5.283333333333333,538,Human,0,11,2,984,-5.283333333333333,"-5.2915505648107315,-5.345085844035801,-5.453182074383605,-5.443042057853179"
1.8833333333333333,539,Human,3,0,3,989,-1.8833333333333333,"-1.9420617493046604,-2.2557912476953743,-2.277780043213581,-1.8812967720580644"
5.433333333333334,540,Human,0,11,5,990,-5.433333333333334,"-5.393704947705715,-5.5323264012590245,-5.635139705794276,-5.47525222434431"
4.016666666666667,541,Human,1,11,3,994,-4.016666666666667,"-4.473990236855002,-4.020286328996814,-4.513101237891846,-4.439244256562237"
4.316666666666666,542,Human,1,11,4,999,-4.316666666666666,"-4.339043847979227,-4.317226350823049,-4.729044545834491,-4.33659964598456"
6.7,543,Human,2,1,10,1000,-6.7,"-7.264721468703641,-7.16044171229337,-6.699993039115821,-7.1023331441776065"
6.283333333333333,544,Human,1,11,5,1000,-6.283333333333333,"-6.358405218786414,-6.289829968657767,-6.345418875201426,-6.383375107173182"
6.616666666666666,545,Human,0,4,5,1002,-6.616666666666666,"-6.623547842590571,-6.719096861639986,-6.9010727858094505,-6.712114031298185"
6.283333333333333,546,Human,1,11,5,1002,-6.283333333333333,"-6.3037593887907075,-6.275826190419238,-6.2958932102017195,-6.331610120068147"
5.666666666666667,547,Human,3,1,1,1002,-5.666666666666667,"-5.689353325541656,-5.714346623506888,-5.688175917139073,-5.5453845366391405"
6.65,549,Human,2,1,10,1004,-6.65,"-7.263978763572672,-7.208192867516432,-6.650000000874412,-7.345036659033816"
6.2,551,Human,1,11,5,1005,-6.2,"-6.258228128600219,-6.199330068606463,-6.254275875575808,-6.275030623155465"
6.266666666666667,554,Human,1,0,2,1009,-6.266666666666667,"-6.365152852018376,-6.257537502702849,-6.479696781150858,-6.5153508217611895"
2.6666666666666665,555,Human,0,11,55,1010,-2.6666666666666665,"-2.668514510279684,-2.883370478521719,-3.057479700904503,-2.9409706787284455"
4.883333333333334,556,Human,0,0,2,1011,-4.883333333333334,"-4.958926067682189,-6.127283097627708,-6.091883319183792,-6.0141826070856546"
4.516666666666667,558,Human,0,4,76,1016,-4.516666666666667,"-4.5262355408817445,-5.10025982109975,-4.749237860057666,-4.686484320986231"
2.75,559,Human,0,84,1,1019,-2.75,"-2.753782493145441,-3.0149226374854976,-2.801556235410583,-2.9219270338789864"
2.6666666666666665,560,Human,0,0,77,1020,-2.6666666666666665,"-2.6768685400212715,-2.716564552480312,-2.729240144154983,-2.7813823706127523"
6.066666666666666,565,Human,2,1,10,1041,-6.066666666666666,"-6.9999010561089445,-6.985041628476594,-6.066664936494627,-6.98744997645215"
5.85,568,Human,0,4,5,1047,-5.85,"-5.843987358980959,-5.971840090568678,-6.028716220476117,-5.961253790950261"
6.85,569,Human,2,1,10,1048,-6.85,"-7.000572621440305,-7.011276540372455,-6.849999969183597,-7.011146700291103"
2.85,570,Human,0,8,78,1050,-2.85,"-2.801413107493537,-2.9713842488909177,-2.938470778701088,-2.9852775613672975"
3.9833333333333334,572,Human,0,85,2,1054,-3.9833333333333334,"-3.984462171444729,-4.057463420852184,-4.056159881517064,-4.282602298738359"
4.916666666666667,576,Human,3,1,1,1058,-4.916666666666667,"-5.1609012461195025,-5.159260228805152,-5.168160176542262,-4.952800987094358"
3.9833333333333334,577,Human,1,21,79,1060,-3.9833333333333334,"-4.055804825339731,-3.9812045599181936,-4.078713350855101,-4.249314008942959"
4.466666666666667,578,Human,2,86,3,1061,-4.466666666666667,"-4.829688861956994,-4.976294743244907,-4.4587424194581775,-4.851537168638156"
6.666666666666667,579,Human,2,1,10,1062,-6.666666666666667,"-7.076199375942751,-7.037078352484507,-6.686145530194445,-7.050523162721372"
1.6166666666666667,580,Human,0,21,80,1062,-1.6166666666666667,"-1.5731099995525457,-2.263168348692969,-2.166658297588294,-2.0090353347962657"
4.983333333333333,581,Human,3,1,1,1064,-4.983333333333333,"-5.029852495926555,-5.0258998042542675,-5.023910006395209,-4.955148491487309"
4.95,582,Human,1,7,1,1064,-4.95,"-4.940969818647691,-4.929955900432965,-5.046390583200006,-5.031828017889037"
1.9833333333333334,585,Human,3,0,3,1070,-1.9833333333333334,"-2.224446671703063,-2.2557912476953743,-2.277780043213581,-1.989262060915846"
4.516666666666667,586,Human,1,7,1,1070,-4.516666666666667,"-4.56902501369274,-4.512782392087487,-4.6862948956666735,-4.584650251448984"
2.7,587,Human,1,51,3,1071,-2.7,"-2.7175602412985587,-2.6971082728930624,-2.714413875620112,-2.708662037685688"
1.9,588,Human,0,13,82,1075,-1.9,"-1.9055665714177241,-1.9318192219156174,-2.0110271034259632,-2.0428552961861492"
5.033333333333333,590,Human,2,4,5,1078,-5.033333333333333,"-5.4232185924330265,-5.421971152024859,-5.031483465867977,-5.646615875868754"
4.55,591,Human,2,13,4,1078,-4.55,"-4.5631413973989075,-4.562373056989329,-4.5559288120044705,-4.5627452547419"
4.983333333333333,593,Human,0,4,12,1081,-4.983333333333333,"-4.989553192222991,-5.011215612518996,-5.011295305560695,-5.038401424600481"
5.05,594,Human,0,4,2,1084,-5.05,"-5.054110672744767,-5.137197792527919,-5.196812274403137,-5.140943854519123"
3.783333333333333,596,Human,0,87,5,1090,-3.783333333333333,"-3.7184431391237225,-4.2033934313265755,-4.055382269838216,-4.059092281806144"
5.333333333333333,597,Human,1,17,5,1090,-5.333333333333333,"-5.339347853389723,-5.316703865337576,-5.3347718999432105,-5.335236455587251"
3.8333333333333335,600,Human,1,11,3,1092,-3.8333333333333335,"-4.653480189484002,-3.8356653386421273,-4.691504990313477,-4.781947257533165"
2.4166666666666665,601,Human,2,11,83,1095,-2.4166666666666665,"-2.4301736445691517,-2.618979580914102,-2.407765400624098,-2.574322822174226"
3.816666666666667,602,Human,1,11,3,1098,-3.816666666666667,"-4.594088189484002,-3.8227868177951514,-4.561954571225178,-4.58222740524979"
6.266666666666667,604,Human,1,1,10,1105,-6.266666666666667,"-6.57536280732983,-6.270925811716145,-6.538547345505592,-6.490443562561099"
2.65,605,Human,1,89,2,1107,-2.65,"-2.940806367183303,-2.671045970047542,-2.7049446704527744,-2.891856054156724"
4.666666666666667,607,Human,0,90,9,1109,-4.666666666666667,"-4.660178165087472,-4.766067523281766,-4.695370621386527,-4.715688561417022"
4.033333333333333,609,Human,3,16,30,1113,-4.033333333333333,"-4.060718785522585,-4.054961521020564,-4.044105929832841,-4.036375624090261"
4.85,613,Human,1,4,3,1121,-4.85,"-4.963736829699563,-4.86823899628969,-4.979964226390921,-4.9851897916831875"
2.466666666666667,618,Human,0,0,3,1128,-2.466666666666667,"-2.4612043378306554,-2.597966331489633,-2.6255573679041984,-2.472173667993715"
3.216666666666667,620,Human,1,11,3,1132,-3.216666666666667,"-4.658055100545981,-3.2068495918067415,-4.685110775705921,-4.677834522703135"
5.516666666666667,623,Human,0,4,2,1140,-5.516666666666667,"-5.498301198356038,-5.535795530103528,-5.67773084203897,-5.733357914987413"
4.2,624,Human,0,27,2,1140,-4.2,"-4.187094426337261,-4.515352401925715,-4.554374071241168,-4.519775802626883"
1.85,625,Human,2,16,87,1140,-1.85,"-1.8137052820190358,-1.8201414677611225,-1.7525023572730218,-1.8280554717124198"
2.8833333333333333,627,Human,1,94,3,1152,-2.8833333333333333,"-4.274301331550348,-2.879717753103191,-4.266204017372189,-4.243170712017126"
5.816666666666666,629,Human,1,4,3,1155,-5.816666666666666,"-5.6176570093322225,-5.083415143882858,-5.568800390104375,-5.580770036962097"
1.3166666666666667,631,Human,1,0,12,1158,-1.3166666666666667,"-1.3346799518214572,-1.3153776897015406,-1.7353931820616333,-1.713404386543426"
4.25,634,Human,1,11,3,1158,-4.25,"-4.499185218253868,-4.239327788623058,-4.307714571225178,-4.328418283192252"
3.7,635,Human,3,95,1,1163,-3.7,"-3.7094134313990823,-3.851863040802411,-3.7088785128911184,-3.700000024962338"
3.533333333333333,636,Human,1,4,88,1164,-3.533333333333333,"-4.325864267201821,-3.527402511924957,-4.50121394150458,-4.52345495789921"
7.1,638,Human,2,96,3,1167,-7.1,"-7.171562748532331,-7.236239119009904,-7.111092897481812,-7.176391010974852"
2.5833333333333335,639,Human,1,51,3,1167,-2.5833333333333335,"-2.6164420349565316,-2.587121957403691,-2.6761493445251396,-2.6098131645670715"
3.466666666666667,641,Human,0,53,9,1173,-3.466666666666667,"-3.4708399868814723,-3.6019891192529503,-3.6369917804108365,-3.7133848820499002"
6.55,644,Human,2,11,2,1175,-6.55,"-6.574663617198732,-6.665816359287443,-6.5634558136610845,-6.8483838980202645"
5.2,646,Human,0,4,76,1177,-5.2,"-5.201024853914783,-5.396526487766417,-5.327889988340103,-5.965854123455651"
4.833333333333333,647,Human,0,11,2,1179,-4.833333333333333,"-4.849191129893654,-5.049350261386628,-4.909788477237582,-5.144553654416663"
3.066666666666667,648,Human,3,0,3,1182,-3.066666666666667,"-3.0845691713493446,-3.098102832668686,-3.102375704981515,-3.0727942389720457"
3.716666666666667,650,Human,1,11,3,1194,-3.716666666666667,"-5.106887109469428,-3.7285226201181274,-5.124543438745921,-5.1221359631252055"
8.1,651,Human,0,17,3,1197,-8.1,"-8.0971277316176,-8.140514419983173,-8.109155301592118,-8.110663120471594"
4.55,653,Human,0,11,2,1202,-4.55,"-4.540265340290116,-4.893425169109302,-4.911000642627345,-5.005300206282543"
2.566666666666667,654,Human,0,98,9,1207,-2.566666666666667,"-2.5695686717178345,-2.7036099476683093,-2.623297353923742,-2.637424805372113"
4.85,656,Human,1,4,3,1211,-4.85,"-5.3766929864811805,-4.876234920403009,-5.339938839689141,-5.187876888963786"
2.966666666666667,657,Human,0,7,9,1212,-2.966666666666667,"-2.9581368019460568,-3.059231448620111,-2.996195602078989,-2.9900089080873538"
3.0,659,Human,0,7,9,1214,-3.0,"-2.9994407615475467,-3.0897594486201103,-3.0584341186438584,-3.005902241420687"
3.066666666666667,660,Human,0,7,9,1215,-3.066666666666667,"-3.0666666808655316,-3.150624515286778,-3.348213961581753,-3.166444459803217"
4.116666666666666,662,Human,0,7,10,1218,-4.116666666666666,"-4.116291860104584,-4.152378914703721,-4.169636738435601,-4.346007168303606"
5.85,665,Human,0,6,5,1221,-5.85,"-5.8499982679417135,-5.939269173872426,-6.149115980591239,-6.003347713443724"
4.35,667,Human,0,7,9,1225,-4.35,"-4.373957697552595,-4.449949300450205,-4.684232935412322,-4.453860560940726"
3.1166666666666667,668,Human,3,8,89,1225,-3.1166666666666667,"-3.0750617387307413,-3.168402051626699,-3.1444462126096226,-2.970714857177853"
4.416666666666667,669,Human,0,7,10,1226,-4.416666666666667,"-4.69488368628553,-5.438496803196783,-5.428963876081814,-5.564602987714309"
4.733333333333333,670,Human,1,4,3,1229,-4.733333333333333,"-5.568750307763966,-4.672061632092341,-5.570448706390921,-5.555755903804698"
6.016666666666667,676,Human,1,4,3,1236,-6.016666666666667,"-6.0674906621736255,-6.036173081402614,-6.0993234630031,-6.333550302351531"
6.0,677,Human,1,4,3,1237,-6.0,"-6.052946662173625,-6.0051036817187855,-6.0875154630031,-6.029459211272745"
4.383333333333334,678,Human,1,11,3,1239,-4.383333333333334,"-4.435554315682476,-3.6973199444959874,-4.4426941390405,-4.409255514125585"
2.05,682,Human,2,49,3,1244,-2.05,"-2.103676028099768,-2.104630844081163,-2.0621495720884653,-2.1515773335972264"
5.116666666666666,683,Human,0,7,10,1244,-5.116666666666666,"-5.119454189041534,-5.282791198743715,-5.2186325784356,-5.2954564013095515"
4.266666666666667,685,Human,3,16,9,1244,-4.266666666666667,"-4.6366663390673954,-4.5329777147893004,-4.574914865950064,-4.270460022583314"
5.166666666666667,686,Human,1,24,10,1245,-5.166666666666667,"-5.197986693284166,-5.169444481875256,-5.252421692965065,-5.216746849235383"
4.333333333333333,687,Human,1,11,3,1245,-4.333333333333333,"-4.410157522817335,-4.310250658844426,-4.415232633800626,-4.384028836821226"
5.133333333333334,688,Human,0,7,10,1246,-5.133333333333334,"-5.129911676090284,-5.345692105410381,-5.249202989711168,-5.287915067976218"
3.566666666666667,690,Human,0,0,92,1250,-3.566666666666667,"-3.5764025671759154,-4.174781363013893,-4.249111784293458,-4.488752961476401"
4.583333333333333,691,Human,2,0,2,1258,-4.583333333333333,"-4.9179751282137145,-4.874168283188309,-4.577900155115082,-4.873720258857068"
5.183333333333334,692,Human,0,0,2,1258,-5.183333333333334,"-5.13670782200487,-5.193726836116813,-5.335530846607215,-5.288087904464167"
4.966666666666667,693,Human,1,0,2,1259,-4.966666666666667,"-5.096585087624968,-4.621454737653216,-5.0942622859703155,-5.237154571130834"
3.1,697,Human,0,0,3,1269,-3.1,"-3.110114709562544,-3.120956637993967,-3.12038470518806,-3.1198663448984902"
5.433333333333334,698,Human,1,4,3,1273,-5.433333333333334,"-5.4864906630722325,-5.382612358434013,-5.437936796336434,-5.424924169737318"
