travel_time,id,kind,action,origin,destination,start_time,reward,cost_table
6.433333333333334,487,AV,2,0,5,898,4.264439076757918,"0,0,0,0"
4.916666666666667,664,AV,2,4,12,1220,4.264439076757918,"0,0,0,0"
3.433333333333333,32,AV,2,0,12,80,4.264439076757918,"0,0,0,0"
3.933333333333333,357,AV,1,0,3,680,4.264439076757918,"0,0,0,0"
6.5,546,AV,3,11,5,1002,4.264439076757918,"0,0,0,0"
6.3,108,AV,1,4,20,213,4.264439076757918,"0,0,0,0"
5.216666666666667,261,AV,3,11,2,453,4.264439076757918,"0,0,0,0"
4.466666666666667,869,AV,0,17,5,1501,4.264439076757918,"0,0,0,0"
6.666666666666667,234,AV,2,4,20,402,4.264439076757918,"0,0,0,0"
4.666666666666667,132,AV,3,11,3,248,4.264439076757918,"0,0,0,0"
6.766666666666667,985,AV,2,16,10,1684,4.264439076757918,"0,0,0,0"
5.966666666666667,928,AV,1,16,9,1596,4.264439076757918,"0,0,0,0"
4.116666666666666,805,AV,0,7,9,1419,4.264439076757918,"0,0,0,0"
3.9,376,AV,0,7,9,707,4.264439076757918,"0,0,0,0"
5.55,533,AV,0,0,2,974,4.264439076757918,"0,0,0,0"
3.7,617,AV,2,4,85,1126,4.264439076757918,"0,0,0,0"
3.7666666666666666,113,AV,3,7,4,225,4.264439076757918,"0,0,0,0"
4.8,470,AV,3,1,1,876,4.264439076757918,"0,0,0,0"
2.966666666666667,525,AV,3,1,75,959,4.264439076757918,"0,0,0,0"
3.6166666666666667,230,AV,1,4,4,398,4.264439076757918,"0,0,0,0"
3.0833333333333335,988,AV,0,124,10,1690,4.264439076757918,"0,0,0,0"
7.333333333333333,644,AV,1,11,2,1175,4.264439076757918,"0,0,0,0"
5.583333333333333,45,AV,3,11,3,94,4.264439076757918,"0,0,0,0"
1.4166666666666667,762,AV,0,8,2,1378,4.264439076757918,"0,0,0,0"
5.45,822,AV,1,11,20,1436,4.264439076757918,"0,0,0,0"
4.25,953,AV,1,118,10,1622,4.264439076757918,"0,0,0,0"
8.033333333333333,909,AV,0,4,3,1566,4.264439076757918,"0,0,0,0"
5.983333333333333,692,AV,2,0,2,1258,4.264439076757918,"0,0,0,0"
4.266666666666667,548,AV,3,83,1,1003,4.264439076757918,"0,0,0,0"
4.7,316,AV,0,0,2,565,4.264439076757918,"0,0,0,0"
3.0166666666666666,481,AV,0,0,4,895,4.264439076757918,"0,0,0,0"
3.1666666666666665,679,AV,3,0,12,1241,4.264439076757918,"0,0,0,0"
5.283333333333333,1019,AV,0,4,3,1757,4.264439076757918,"0,0,0,0"
4.233333333333333,31,AV,1,11,3,79,4.264439076757918,"0,0,0,0"
5.05,65,AV,3,7,9,139,4.264439076757918,"0,0,0,0"
6.3,506,AV,1,0,5,920,4.264439076757918,"0,0,0,0"
4.266666666666667,897,AV,0,24,1,1549,4.264439076757918,"0,0,0,0"
5.466666666666667,424,AV,0,0,5,796,4.264439076757918,"0,0,0,0"
5.766666666666667,450,AV,0,17,5,851,4.264439076757918,"0,0,0,0"
4.3,730,AV,2,7,9,1320,4.264439076757918,"0,0,0,0"
4.816666666666666,116,AV,1,7,9,228,4.264439076757918,"0,0,0,0"
7.416666666666667,522,AV,1,1,10,955,4.264439076757918,"0,0,0,0"
6.25,760,AV,1,8,9,1376,4.264439076757918,"0,0,0,0"
3.2,971,AV,3,8,98,1662,4.264439076757918,"0,0,0,0"
3.2666666666666666,471,AV,0,4,4,877,4.264439076757918,"0,0,0,0"
2.6166666666666667,79,AV,3,4,18,160,4.264439076757918,"0,0,0,0"
4.933333333333334,962,AV,1,4,104,1648,4.264439076757918,"0,0,0,0"
4.183333333333334,87,AV,1,11,3,178,4.264439076757918,"0,0,0,0"
3.1,343,AV,1,57,15,653,4.264439076757918,"0,0,0,0"
4.566666666666666,653,AV,0,11,2,1202,4.264439076757918,"0,0,0,0"
6.716666666666667,161,AV,2,4,3,296,4.264439076757918,"0,0,0,0"
4.2,71,AV,0,8,9,149,4.264439076757918,"0,0,0,0"
3.466666666666667,140,AV,1,4,24,265,4.264439076757918,"0,0,0,0"
4.25,297,AV,0,17,5,525,4.264439076757918,"0,0,0,0"
6.116666666666666,676,AV,1,4,3,1236,4.264439076757918,"0,0,0,0"
6.0,687,AV,0,11,3,1245,4.264439076757918,"0,0,0,0"
5.483333333333333,633,AV,0,16,9,1158,4.264439076757918,"0,0,0,0"
4.733333333333333,594,AV,2,4,2,1084,4.264439076757918,"0,0,0,0"
6.133333333333334,775,AV,1,11,20,1388,4.264439076757918,"0,0,0,0"
5.916666666666667,351,AV,0,8,10,676,4.264439076757918,"0,0,0,0"
5.7,412,AV,3,1,10,780,4.264439076757918,"0,0,0,0"
5.216666666666667,650,AV,0,11,3,1194,4.264439076757918,"0,0,0,0"
4.383333333333334,578,AV,3,86,3,1061,4.264439076757918,"0,0,0,0"
5.266666666666667,319,AV,2,8,48,578,4.264439076757918,"0,0,0,0"
6.716666666666667,494,AV,3,0,5,903,4.264439076757918,"0,0,0,0"
6.333333333333333,554,AV,1,0,2,1009,4.264439076757918,"0,0,0,0"
5.816666666666666,665,AV,3,6,5,1221,4.264439076757918,"0,0,0,0"
5.083333333333333,466,AV,2,1,1,870,4.264439076757918,"0,0,0,0"
6.166666666666667,109,AV,1,1,10,220,4.264439076757918,"0,0,0,0"
5.383333333333334,872,AV,0,17,5,1505,4.264439076757918,"0,0,0,0"
5.966666666666667,774,AV,3,0,2,1386,4.264439076757918,"0,0,0,0"
5.783333333333333,128,AV,2,16,10,245,4.264439076757918,"0,0,0,0"
4.3,939,AV,3,11,20,1608,4.264439076757918,"0,0,0,0"
3.433333333333333,724,AV,3,8,2,1316,4.264439076757918,"0,0,0,0"
4.333333333333333,720,AV,0,64,10,1311,4.264439076757918,"0,0,0,0"
5.333333333333333,969,AV,3,21,4,1656,4.264439076757918,"0,0,0,0"
5.883333333333334,850,AV,3,0,2,1475,4.264439076757918,"0,0,0,0"
4.933333333333334,607,AV,2,90,9,1109,4.264439076757918,"0,0,0,0"
5.616666666666666,800,AV,2,50,9,1415,4.264439076757918,"0,0,0,0"
4.65,959,AV,2,98,2,1641,4.264439076757918,"0,0,0,0"
7.35,237,AV,3,4,5,412,4.264439076757918,"0,0,0,0"
4.883333333333334,472,AV,0,4,12,878,4.264439076757918,"0,0,0,0"
4.95,498,AV,0,4,5,907,4.264439076757918,"0,0,0,0"
2.6166666666666667,991,AV,1,21,21,1695,4.264439076757918,"0,0,0,0"
2.1166666666666667,251,AV,3,0,3,435,4.264439076757918,"0,0,0,0"
3.6333333333333333,453,AV,1,4,4,853,4.264439076757918,"0,0,0,0"
4.766666666666667,373,AV,3,7,9,697,4.264439076757918,"0,0,0,0"
5.133333333333334,923,AV,2,16,4,1591,4.264439076757918,"0,0,0,0"
6.566666666666666,504,AV,1,0,5,913,4.264439076757918,"0,0,0,0"
5.333333333333333,438,AV,0,17,5,816,4.264439076757918,"0,0,0,0"
4.45,458,AV,2,13,39,861,4.264439076757918,"0,0,0,0"
5.466666666666667,820,AV,1,4,20,1434,4.264439076757918,"0,0,0,0"
2.6166666666666667,104,AV,2,0,12,203,4.264439076757918,"0,0,0,0"
4.416666666666667,345,AV,0,7,10,667,4.264439076757918,"0,0,0,0"
7.0,477,AV,1,1,10,890,4.264439076757918,"0,0,0,0"
5.883333333333334,346,AV,0,0,2,670,4.264439076757918,"0,0,0,0"
5.15,752,AV,0,103,9,1354,4.264439076757918,"0,0,0,0"
5.15,282,AV,3,1,1,500,4.264439076757918,"0,0,0,0"
5.35,416,AV,1,7,10,784,4.264439076757918,"0,0,0,0"
6.3,172,AV,2,4,3,320,4.264439076757918,"0,0,0,0"
5.7,782,AV,3,7,10,1397,4.264439076757918,"0,0,0,0"
3.3333333333333335,539,AV,2,0,3,989,4.264439076757918,"0,0,0,0"
6.166666666666667,73,AV,1,4,16,152,4.264439076757918,"0,0,0,0"
3.9,101,AV,1,25,10,197,4.264439076757918,"0,0,0,0"
5.933333333333334,946,AV,0,1,1,1616,4.264439076757918,"0,0,0,0"
1.8833333333333333,95,AV,0,24,19,189,4.264439076757918,"0,0,0,0"
8.133333333333333,106,AV,2,17,3,204,4.264439076757918,"0,0,0,0"
3.1333333333333333,493,AV,2,0,12,902,4.264439076757918,"0,0,0,0"
5.066666666666666,112,AV,1,7,9,223,4.264439076757918,"0,0,0,0"
4.533333333333333,854,AV,2,49,9,1481,4.264439076757918,"0,0,0,0"
5.35,847,AV,0,1,1,1470,4.264439076757918,"0,0,0,0"
5.416666666666667,421,AV,0,0,2,794,4.264439076757918,"0,0,0,0"
4.5,932,AV,1,116,10,1604,4.264439076757918,"0,0,0,0"
1.9333333333333333,153,AV,1,16,27,288,4.264439076757918,"0,0,0,0"
3.1333333333333333,640,AV,2,97,3,1173,4.264439076757918,"0,0,0,0"
3.933333333333333,64,AV,3,1,1,136,4.264439076757918,"0,0,0,0"
8.6,680,AV,2,99,10,1243,4.264439076757918,"0,0,0,0"
6.916666666666667,649,AV,2,4,3,1192,4.264439076757918,"0,0,0,0"
8.1,651,AV,0,17,3,1197,4.264439076757918,"0,0,0,0"
5.066666666666666,377,AV,3,7,10,710,4.264439076757918,"0,0,0,0"
4.35,780,AV,0,7,10,1391,4.264439076757918,"0,0,0,0"
4.416666666666667,146,AV,0,11,26,271,4.264439076757918,"0,0,0,0"
5.116666666666666,474,AV,0,17,5,887,4.264439076757918,"0,0,0,0"
3.75,404,AV,3,7,4,775,4.264439076757918,"0,0,0,0"
4.3,1017,AV,1,16,5,1755,4.264439076757918,"0,0,0,0"
3.6333333333333333,778,AV,2,4,4,1389,4.264439076757918,"0,0,0,0"
7.016666666666667,877,AV,0,1,10,1519,4.264439076757918,"0,0,0,0"
3.6666666666666665,492,AV,2,0,52,901,4.264439076757918,"0,0,0,0"
4.55,1014,AV,0,129,10,1753,4.264439076757918,"0,0,0,0"
7.666666666666667,843,AV,3,8,10,1468,4.264439076757918,"0,0,0,0"
5.2,55,AV,2,18,2,127,4.264439076757918,"0,0,0,0"
4.8,329,AV,3,7,9,610,4.264439076757918,"0,0,0,0"
5.616666666666666,706,AV,0,16,94,1291,4.264439076757918,"0,0,0,0"
2.966666666666667,360,AV,3,1,57,682,4.264439076757918,"0,0,0,0"
4.3,406,AV,1,7,10,777,4.264439076757918,"0,0,0,0"
4.983333333333333,125,AV,1,7,9,238,4.264439076757918,"0,0,0,0"
5.933333333333334,684,AV,0,11,3,1244,4.264439076757918,"0,0,0,0"
3.8333333333333335,598,AV,1,88,5,1091,4.264439076757918,"0,0,0,0"
4.566666666666666,247,AV,0,11,3,427,4.264439076757918,"0,0,0,0"
4.383333333333334,185,AV,3,16,12,335,4.264439076757918,"0,0,0,0"
6.35,783,AV,1,8,9,1397,4.264439076757918,"0,0,0,0"
3.966666666666667,572,AV,0,85,2,1054,4.264439076757918,"0,0,0,0"
4.683333333333334,263,AV,0,4,20,456,4.264439076757918,"0,0,0,0"
5.383333333333334,1007,AV,0,4,3,1732,4.264439076757918,"0,0,0,0"
5.7,131,AV,0,16,10,246,4.264439076757918,"0,0,0,0"
5.633333333333334,410,AV,1,0,5,780,4.264439076757918,"0,0,0,0"
3.1333333333333333,1008,AV,2,0,3,1740,4.264439076757918,"0,0,0,0"
3.533333333333333,666,AV,3,7,9,1223,4.264439076757918,"0,0,0,0"
6.8,433,AV,0,0,5,807,4.264439076757918,"0,0,0,0"
5.633333333333334,141,AV,1,11,3,267,4.264439076757918,"0,0,0,0"
4.083333333333333,912,AV,0,1,1,1580,4.264439076757918,"0,0,0,0"
6.8,326,AV,0,16,10,603,4.264439076757918,"0,0,0,0"
4.733333333333333,694,AV,3,0,93,1259,4.264439076757918,"0,0,0,0"
3.1333333333333333,268,AV,2,0,3,464,4.264439076757918,"0,0,0,0"
1.8333333333333333,972,AV,2,120,3,1664,4.264439076757918,"0,0,0,0"
2.5,518,AV,3,80,3,942,4.264439076757918,"0,0,0,0"
3.3666666666666667,1021,AV,1,11,4,1767,4.264439076757918,"0,0,0,0"
5.9,678,AV,0,11,3,1239,4.264439076757918,"0,0,0,0"
4.25,924,AV,3,16,9,1592,4.264439076757918,"0,0,0,0"
4.916666666666667,990,AV,0,1,1,1694,4.264439076757918,"0,0,0,0"
5.416666666666667,751,AV,0,17,5,1349,4.264439076757918,"0,0,0,0"
2.05,743,AV,1,102,3,1338,4.264439076757918,"0,0,0,0"
4.483333333333333,819,AV,3,49,2,1431,4.264439076757918,"0,0,0,0"
4.366666666666666,784,AV,2,7,9,1398,4.264439076757918,"0,0,0,0"
6.25,673,AV,2,4,3,1232,4.264439076757918,"0,0,0,0"
2.2666666666666666,26,AV,0,13,11,72,4.264439076757918,"0,0,0,0"
8.05,740,AV,2,16,10,1336,4.264439076757918,"0,0,0,0"
5.266666666666667,804,AV,0,7,10,1417,4.264439076757918,"0,0,0,0"
5.033333333333333,1013,AV,1,4,3,1749,4.264439076757918,"0,0,0,0"
5.183333333333334,848,AV,2,19,3,1473,4.264439076757918,"0,0,0,0"
2.9166666666666665,314,AV,0,0,3,563,4.264439076757918,"0,0,0,0"
4.433333333333334,30,AV,1,4,3,77,4.264439076757918,"0,0,0,0"
4.7,216,AV,0,11,2,379,4.264439076757918,"0,0,0,0"
4.466666666666667,325,AV,0,17,5,600,4.264439076757918,"0,0,0,0"
5.25,864,AV,0,1,1,1496,4.264439076757918,"0,0,0,0"
4.616666666666666,936,AV,1,8,2,1607,4.264439076757918,"0,0,0,0"
4.1,371,AV,0,22,9,695,4.264439076757918,"0,0,0,0"
3.1333333333333333,408,AV,0,7,9,779,4.264439076757918,"0,0,0,0"
6.883333333333334,426,AV,3,8,16,798,4.264439076757918,"0,0,0,0"
5.55,6,AV,3,4,4,13,4.264439076757918,"0,0,0,0"
3.9166666666666665,219,AV,1,11,3,382,4.264439076757918,"0,0,0,0"
4.166666666666667,178,AV,0,8,9,326,4.264439076757918,"0,0,0,0"
5.65,702,AV,2,11,3,1285,4.264439076757918,"0,0,0,0"
4.216666666666667,817,AV,3,11,20,1430,4.264439076757918,"0,0,0,0"
5.1,497,AV,0,4,5,905,4.264439076757918,"0,0,0,0"
5.733333333333333,83,AV,1,11,3,169,4.264439076757918,"0,0,0,0"
3.9,179,AV,2,34,10,329,4.264439076757918,"0,0,0,0"
4.066666666666666,921,AV,0,115,2,1591,4.264439076757918,"0,0,0,0"
5.866666666666666,792,AV,2,7,10,1409,4.264439076757918,"0,0,0,0"
4.733333333333333,36,AV,3,11,3,82,4.264439076757918,"0,0,0,0"
7.8,117,AV,2,17,3,229,4.264439076757918,"0,0,0,0"
4.716666666666667,935,AV,1,11,20,1606,4.264439076757918,"0,0,0,0"
3.7,659,AV,3,7,9,1214,4.264439076757918,"0,0,0,0"
5.7,267,AV,3,21,4,462,4.264439076757918,"0,0,0,0"
8.7,467,AV,3,7,66,873,4.264439076757918,"0,0,0,0"
5.816666666666666,529,AV,1,4,5,969,4.264439076757918,"0,0,0,0"
3.6666666666666665,570,AV,3,8,78,1050,4.264439076757918,"0,0,0,0"
4.3,423,AV,1,11,3,794,4.264439076757918,"0,0,0,0"
4.516666666666667,199,AV,0,11,3,351,4.264439076757918,"0,0,0,0"
7.416666666666667,461,AV,0,1,10,862,4.264439076757918,"0,0,0,0"
2.5833333333333335,387,AV,0,65,2,733,4.264439076757918,"0,0,0,0"
3.716666666666667,913,AV,3,13,4,1580,4.264439076757918,"0,0,0,0"
3.533333333333333,401,AV,1,7,9,774,4.264439076757918,"0,0,0,0"
4.466666666666667,989,AV,0,125,3,1694,4.264439076757918,"0,0,0,0"
4.2,722,AV,2,11,2,1314,4.264439076757918,"0,0,0,0"
6.45,758,AV,3,8,10,1375,4.264439076757918,"0,0,0,0"
2.933333333333333,103,AV,3,0,3,201,4.264439076757918,"0,0,0,0"
5.233333333333333,61,AV,2,1,1,134,4.264439076757918,"0,0,0,0"
5.766666666666667,200,AV,3,4,3,351,4.264439076757918,"0,0,0,0"
6.616666666666666,203,AV,1,0,2,355,4.264439076757918,"0,0,0,0"
5.816666666666666,967,AV,0,21,10,1654,4.264439076757918,"0,0,0,0"
3.8666666666666667,795,AV,2,106,5,1412,4.264439076757918,"0,0,0,0"
4.65,58,AV,2,7,10,131,4.264439076757918,"0,0,0,0"
5.366666666666666,868,AV,0,7,10,1501,4.264439076757918,"0,0,0,0"
6.733333333333333,102,AV,2,4,3,199,4.264439076757918,"0,0,0,0"
6.816666666666666,342,AV,2,56,10,652,4.264439076757918,"0,0,0,0"
5.1,573,AV,2,1,1,1055,4.264439076757918,"0,0,0,0"
4.15,857,AV,0,7,10,1487,4.264439076757918,"0,0,0,0"
6.433333333333334,551,AV,2,11,5,1005,4.264439076757918,"0,0,0,0"
4.8,624,AV,1,27,2,1140,4.264439076757918,"0,0,0,0"
5.733333333333333,789,AV,3,0,2,1404,4.264439076757918,"0,0,0,0"
3.933333333333333,574,AV,1,11,5,1055,4.264439076757918,"0,0,0,0"
3.566666666666667,538,AV,0,11,2,984,4.264439076757918,"0,0,0,0"
6.683333333333334,347,AV,2,24,54,673,4.264439076757918,"0,0,0,0"
3.75,276,AV,0,16,44,483,4.264439076757918,"0,0,0,0"
4.083333333333333,987,AV,3,16,107,1689,4.264439076757918,"0,0,0,0"
4.333333333333333,667,AV,0,7,9,1225,4.264439076757918,"0,0,0,0"
4.183333333333334,152,AV,3,16,12,286,4.264439076757918,"0,0,0,0"
2.2333333333333334,445,AV,1,0,61,822,4.264439076757918,"0,0,0,0"
7.366666666666666,564,AV,0,1,10,1039,4.264439076757918,"0,0,0,0"
4.466666666666667,149,AV,1,1,1,281,4.264439076757918,"0,0,0,0"
3.533333333333333,365,AV,3,7,4,688,4.264439076757918,"0,0,0,0"
5.233333333333333,893,AV,0,17,5,1545,4.264439076757918,"0,0,0,0"
5.75,894,AV,2,4,3,1546,4.264439076757918,"0,0,0,0"
10.8,785,AV,1,17,3,1401,4.264439076757918,"0,0,0,0"
8.083333333333334,636,AV,3,4,88,1164,4.264439076757918,"0,0,0,0"
5.433333333333334,698,AV,1,4,3,1273,4.264439076757918,"0,0,0,0"
4.5,885,AV,3,4,20,1531,4.264439076757918,"0,0,0,0"
4.3,396,AV,3,32,5,761,4.264439076757918,"0,0,0,0"
4.966666666666667,53,AV,1,17,5,119,4.264439076757918,"0,0,0,0"
5.05,286,AV,1,1,1,508,4.264439076757918,"0,0,0,0"
5.616666666666666,524,AV,2,4,5,957,4.264439076757918,"0,0,0,0"
5.616666666666666,802,AV,2,16,9,1416,4.264439076757918,"0,0,0,0"
6.25,69,AV,2,8,9,142,4.264439076757918,"0,0,0,0"
5.8,8,AV,3,4,3,17,4.264439076757918,"0,0,0,0"
5.533333333333333,270,AV,3,43,2,468,4.264439076757918,"0,0,0,0"
5.05,394,AV,0,70,3,752,4.264439076757918,"0,0,0,0"
5.366666666666666,279,AV,0,1,1,491,4.264439076757918,"0,0,0,0"
3.35,1033,AV,2,0,3,1795,4.264439076757918,"0,0,0,0"
4.9,187,AV,0,11,3,336,4.264439076757918,"0,0,0,0"
6.816666666666666,1031,AV,2,17,108,1790,4.264439076757918,"0,0,0,0"
3.7,335,AV,0,53,52,616,4.264439076757918,"0,0,0,0"
2.6666666666666665,384,AV,1,64,1,729,4.264439076757918,"0,0,0,0"
5.833333333333333,440,AV,1,1,1,817,4.264439076757918,"0,0,0,0"
4.65,165,AV,3,16,30,305,4.264439076757918,"0,0,0,0"
3.15,9,AV,2,5,2,25,4.264439076757918,"0,0,0,0"
5.766666666666667,675,AV,3,7,91,1235,4.264439076757918,"0,0,0,0"
5.083333333333333,1016,AV,0,4,3,1754,4.264439076757918,"0,0,0,0"
2.9,587,AV,0,51,3,1071,4.264439076757918,"0,0,0,0"
5.133333333333334,236,AV,3,4,20,411,4.264439076757918,"0,0,0,0"
5.683333333333334,180,AV,1,8,9,329,4.264439076757918,"0,0,0,0"
5.566666666666666,521,AV,3,1,74,953,4.264439076757918,"0,0,0,0"
6.0,731,AV,0,11,3,1323,4.264439076757918,"0,0,0,0"
5.6,963,AV,0,1,1,1649,4.264439076757918,"0,0,0,0"
4.033333333333333,307,AV,0,11,20,547,4.264439076757918,"0,0,0,0"
3.6666666666666665,690,AV,0,0,92,1250,4.264439076757918,"0,0,0,0"
3.1166666666666667,768,AV,0,11,20,1381,4.264439076757918,"0,0,0,0"
6.25,918,AV,3,4,3,1586,4.264439076757918,"0,0,0,0"
5.233333333333333,486,AV,1,4,5,898,4.264439076757918,"0,0,0,0"
5.516666666666667,94,AV,1,4,3,188,4.264439076757918,"0,0,0,0"
4.933333333333334,552,AV,0,11,5,1007,4.264439076757918,"0,0,0,0"
3.216666666666667,1028,AV,1,11,4,1780,4.264439076757918,"0,0,0,0"
3.066666666666667,52,AV,2,0,12,112,4.264439076757918,"0,0,0,0"
6.3,604,AV,0,1,10,1105,4.264439076757918,"0,0,0,0"
3.25,22,AV,1,11,4,60,4.264439076757918,"0,0,0,0"
4.266666666666667,634,AV,1,11,3,1158,4.264439076757918,"0,0,0,0"
3.6666666666666665,111,AV,2,26,3,221,4.264439076757918,"0,0,0,0"
3.7333333333333334,432,AV,2,0,3,805,4.264439076757918,"0,0,0,0"
3.9,810,AV,2,7,100,1422,4.264439076757918,"0,0,0,0"
3.9,600,AV,1,11,3,1092,4.264439076757918,"0,0,0,0"
5.65,809,AV,1,11,20,1421,4.264439076757918,"0,0,0,0"
5.083333333333333,567,AV,0,1,1,1046,4.264439076757918,"0,0,0,0"
5.016666666666667,997,AV,0,0,2,1709,4.264439076757918,"0,0,0,0"
4.083333333333333,899,AV,3,57,20,1550,4.264439076757918,"0,0,0,0"
4.516666666666667,586,AV,1,7,1,1070,4.264439076757918,"0,0,0,0"
4.6,397,AV,0,17,5,767,4.264439076757918,"0,0,0,0"
4.75,166,AV,3,17,5,305,4.264439076757918,"0,0,0,0"
5.733333333333333,571,AV,0,4,5,1052,4.264439076757918,"0,0,0,0"
4.766666666666667,25,AV,0,11,3,72,4.264439076757918,"0,0,0,0"
2.966666666666667,454,AV,2,8,65,856,4.264439076757918,"0,0,0,0"
7.216666666666667,241,AV,1,4,2,414,4.264439076757918,"0,0,0,0"
4.633333333333334,879,AV,3,11,20,1521,4.264439076757918,"0,0,0,0"
2.566666666666667,654,AV,0,98,9,1207,4.264439076757918,"0,0,0,0"
4.1,981,AV,1,0,2,1682,4.264439076757918,"0,0,0,0"
1.8166666666666667,513,AV,0,78,5,931,4.264439076757918,"0,0,0,0"
3.65,130,AV,1,17,22,245,4.264439076757918,"0,0,0,0"
1.8833333333333333,622,AV,2,93,2,1139,4.264439076757918,"0,0,0,0"
5.833333333333333,157,AV,1,4,29,292,4.264439076757918,"0,0,0,0"
4.666666666666667,338,AV,1,11,20,634,4.264439076757918,"0,0,0,0"
1.95,625,AV,3,16,87,1140,4.264439076757918,"0,0,0,0"
2.7333333333333334,849,AV,0,0,3,1474,4.264439076757918,"0,0,0,0"
6.966666666666667,579,AV,2,1,10,1062,4.264439076757918,"0,0,0,0"
3.3,755,AV,2,0,3,1361,4.264439076757918,"0,0,0,0"
4.133333333333334,118,AV,2,7,4,230,4.264439076757918,"0,0,0,0"
6.883333333333334,569,AV,1,1,10,1048,4.264439076757918,"0,0,0,0"
5.233333333333333,441,AV,0,17,5,818,4.264439076757918,"0,0,0,0"
5.183333333333334,488,AV,2,76,20,899,4.264439076757918,"0,0,0,0"
4.766666666666667,309,AV,1,11,5,549,4.264439076757918,"0,0,0,0"
4.933333333333334,480,AV,3,1,1,894,4.264439076757918,"0,0,0,0"
6.416666666666667,242,AV,3,42,20,418,4.264439076757918,"0,0,0,0"
6.6,114,AV,3,4,3,226,4.264439076757918,"0,0,0,0"
4.65,747,AV,1,4,20,1341,4.264439076757918,"0,0,0,0"
6.116666666666666,927,AV,0,4,3,1596,4.264439076757918,"0,0,0,0"
4.233333333333333,171,AV,2,0,3,317,4.264439076757918,"0,0,0,0"
5.333333333333333,781,AV,1,4,55,1393,4.264439076757918,"0,0,0,0"
3.8333333333333335,749,AV,0,4,20,1348,4.264439076757918,"0,0,0,0"
2.0,280,AV,2,47,20,495,4.264439076757918,"0,0,0,0"
7.666666666666667,512,AV,1,0,5,930,4.264439076757918,"0,0,0,0"
6.816666666666666,516,AV,2,1,73,938,4.264439076757918,"0,0,0,0"
5.633333333333334,952,AV,1,4,3,1621,4.264439076757918,"0,0,0,0"
3.3,217,AV,0,11,40,380,4.264439076757918,"0,0,0,0"
3.25,337,AV,3,54,1,622,4.264439076757918,"0,0,0,0"
4.783333333333333,156,AV,3,8,9,292,4.264439076757918,"0,0,0,0"
6.333333333333333,215,AV,2,1,10,378,4.264439076757918,"0,0,0,0"
4.766666666666667,372,AV,3,7,9,696,4.264439076757918,"0,0,0,0"
1.7666666666666666,290,AV,3,16,45,516,4.264439076757918,"0,0,0,0"
6.416666666666667,255,AV,1,17,5,450,4.264439076757918,"0,0,0,0"
7.466666666666667,901,AV,3,8,10,1557,4.264439076757918,"0,0,0,0"
5.1,226,AV,0,11,3,389,4.264439076757918,"0,0,0,0"
4.866666666666666,982,AV,1,8,2,1682,4.264439076757918,"0,0,0,0"
6.35,110,AV,3,4,20,221,4.264439076757918,"0,0,0,0"
5.783333333333333,264,AV,2,4,20,458,4.264439076757918,"0,0,0,0"
5.7,945,AV,2,11,3,1616,4.264439076757918,"0,0,0,0"
4.833333333333333,744,AV,1,4,20,1338,4.264439076757918,"0,0,0,0"
2.1333333333333333,707,AV,2,16,3,1294,4.264439076757918,"0,0,0,0"
5.383333333333334,855,AV,2,109,20,1482,4.264439076757918,"0,0,0,0"
3.8,878,AV,0,4,20,1520,4.264439076757918,"0,0,0,0"
5.133333333333334,683,AV,0,7,10,1244,4.264439076757918,"0,0,0,0"
1.9,859,AV,0,32,2,1489,4.264439076757918,"0,0,0,0"
4.733333333333333,977,AV,1,53,3,1676,4.264439076757918,"0,0,0,0"
4.65,965,AV,0,21,9,1652,4.264439076757918,"0,0,0,0"
7.083333333333333,949,AV,0,11,3,1619,4.264439076757918,"0,0,0,0"
5.516666666666667,485,AV,0,0,5,897,4.264439076757918,"0,0,0,0"
3.1666666666666665,956,AV,2,0,3,1626,4.264439076757918,"0,0,0,0"
7.083333333333333,475,AV,2,1,10,887,4.264439076757918,"0,0,0,0"
4.6,225,AV,0,11,20,387,4.264439076757918,"0,0,0,0"
4.466666666666667,671,AV,1,7,9,1230,4.264439076757918,"0,0,0,0"
5.9,93,AV,2,4,3,186,4.264439076757918,"0,0,0,0"
4.666666666666667,719,AV,1,4,89,1310,4.264439076757918,"0,0,0,0"
5.516666666666667,681,AV,1,100,10,1243,4.264439076757918,"0,0,0,0"
3.6166666666666667,975,AV,0,11,4,1671,4.264439076757918,"0,0,0,0"
5.333333333333333,456,AV,0,1,1,860,4.264439076757918,"0,0,0,0"
5.333333333333333,413,AV,0,1,4,782,4.264439076757918,"0,0,0,0"
5.866666666666666,910,AV,0,0,2,1574,4.264439076757918,"0,0,0,0"
4.116666666666666,78,AV,0,22,9,160,4.264439076757918,"0,0,0,0"
5.166666666666667,544,AV,0,11,5,1000,4.264439076757918,"0,0,0,0"
6.333333333333333,791,AV,2,8,9,1408,4.264439076757918,"0,0,0,0"
5.983333333333333,115,AV,2,7,10,226,4.264439076757918,"0,0,0,0"
3.316666666666667,476,AV,0,8,68,889,4.264439076757918,"0,0,0,0"
3.966666666666667,718,AV,1,7,4,1309,4.264439076757918,"0,0,0,0"
5.783333333333333,708,AV,3,4,20,1298,4.264439076757918,"0,0,0,0"
5.483333333333333,49,AV,0,4,3,105,4.264439076757918,"0,0,0,0"
1.9333333333333333,82,AV,0,23,2,167,4.264439076757918,"0,0,0,0"
4.983333333333333,581,AV,3,1,1,1064,4.264439076757918,"0,0,0,0"
4.7,437,AV,0,1,1,815,4.264439076757918,"0,0,0,0"
5.85,124,AV,2,7,10,236,4.264439076757918,"0,0,0,0"
3.85,1023,AV,0,16,55,1772,4.264439076757918,"0,0,0,0"
5.516666666666667,147,AV,1,11,3,272,4.264439076757918,"0,0,0,0"
5.916666666666667,974,AV,2,121,105,1667,4.264439076757918,"0,0,0,0"
8.933333333333334,938,AV,2,117,3,1608,4.264439076757918,"0,0,0,0"
4.066666666666666,808,AV,0,7,9,1421,4.264439076757918,"0,0,0,0"
4.9,608,AV,0,17,5,1110,4.264439076757918,"0,0,0,0"
4.483333333333333,734,AV,1,7,9,1326,4.264439076757918,"0,0,0,0"
5.966666666666667,919,AV,3,42,9,1589,4.264439076757918,"0,0,0,0"
3.9166666666666665,881,AV,0,11,20,1523,4.264439076757918,"0,0,0,0"
5.283333333333333,57,AV,2,1,1,129,4.264439076757918,"0,0,0,0"
3.066666666666667,715,AV,2,16,18,1307,4.264439076757918,"0,0,0,0"
5.4,908,AV,2,4,3,1564,4.264439076757918,"0,0,0,0"
3.3833333333333333,294,AV,0,7,4,522,4.264439076757918,"0,0,0,0"
6.15,510,AV,1,0,72,923,4.264439076757918,"0,0,0,0"
6.266666666666667,978,AV,2,4,3,1677,4.264439076757918,"0,0,0,0"
6.666666666666667,764,AV,1,8,97,1380,4.264439076757918,"0,0,0,0"
5.166666666666667,812,AV,1,16,4,1425,4.264439076757918,"0,0,0,0"
1.9,239,AV,0,40,20,413,4.264439076757918,"0,0,0,0"
5.233333333333333,91,AV,3,0,2,181,4.264439076757918,"0,0,0,0"
5.15,726,AV,1,11,2,1317,4.264439076757918,"0,0,0,0"
3.95,173,AV,1,0,3,320,4.264439076757918,"0,0,0,0"
6.283333333333333,553,AV,1,0,2,1007,4.264439076757918,"0,0,0,0"
6.066666666666666,142,AV,0,4,3,267,4.264439076757918,"0,0,0,0"
4.95,826,AV,0,11,2,1442,4.264439076757918,"0,0,0,0"
7.333333333333333,277,AV,3,16,10,484,4.264439076757918,"0,0,0,0"
5.733333333333333,54,AV,3,7,10,125,4.264439076757918,"0,0,0,0"
6.283333333333333,390,AV,0,4,5,741,4.264439076757918,"0,0,0,0"
5.833333333333333,713,AV,3,7,10,1304,4.264439076757918,"0,0,0,0"
2.9833333333333334,716,AV,0,7,9,1307,4.264439076757918,"0,0,0,0"
7.05,861,AV,2,7,10,1491,4.264439076757918,"0,0,0,0"
6.583333333333333,860,AV,2,0,2,1490,4.264439076757918,"0,0,0,0"
5.1,1011,AV,1,4,3,1745,4.264439076757918,"0,0,0,0"
5.9,257,AV,3,1,42,450,4.264439076757918,"0,0,0,0"
4.4,595,AV,3,4,3,1085,4.264439076757918,"0,0,0,0"
1.5666666666666667,610,AV,0,91,1,1117,4.264439076757918,"0,0,0,0"
2.066666666666667,451,AV,2,64,64,851,4.264439076757918,"0,0,0,0"
1.2166666666666666,631,AV,1,0,12,1158,4.264439076757918,"0,0,0,0"
5.4,669,AV,0,7,10,1226,4.264439076757918,"0,0,0,0"
6.35,556,AV,1,0,2,1011,4.264439076757918,"0,0,0,0"
4.716666666666667,1004,AV,0,1,1,1720,4.264439076757918,"0,0,0,0"
5.483333333333333,77,AV,1,21,17,158,4.264439076757918,"0,0,0,0"
6.65,549,AV,0,1,10,1004,4.264439076757918,"0,0,0,0"
5.283333333333333,105,AV,1,4,3,204,4.264439076757918,"0,0,0,0"
4.3,542,AV,1,11,4,999,4.264439076757918,"0,0,0,0"
5.316666666666666,164,AV,2,11,3,301,4.264439076757918,"0,0,0,0"
3.816666666666667,941,AV,0,11,20,1611,4.264439076757918,"0,0,0,0"
3.5,641,AV,2,53,9,1173,4.264439076757918,"0,0,0,0"
7.083333333333333,460,AV,2,74,10,862,4.264439076757918,"0,0,0,0"
8.05,0,Human,0,0,0,5,-8.05,"-8.04999999996421,-8.069365002088043,-8.17723702938096,-8.254408872913476"
4.233333333333333,1,Human,2,1,1,5,-4.233333333333333,"-4.298784893104956,-4.246290454677661,-4.233333333333336,-4.312454279670839"
0.6333333333333333,2,Human,0,2,2,11,-0.6333333333333333,"-0.6333333333333339,-1.310544909108352,-3.4010860355661343,-6.968603352067967"
3.1333333333333333,3,Human,3,0,3,11,-3.1333333333333333,"-3.1448265858568005,-3.20080667416919,-3.15902829789356,-3.1333333333333364"
3.1,4,Human,0,3,3,11,-3.1,"-3.1000000000000005,-3.136192223375291,-3.1417694962592337,-3.1619062906602533"
5.383333333333334,5,Human,1,4,3,12,-5.383333333333334,"-5.470576533008844,-5.383333333331467,-5.449226708850819,-5.480857745136974"
5.383333333333334,7,Human,1,4,3,15,-5.383333333333334,"-5.447071692199076,-5.38333333333137,-5.408641450826788,-5.386012610903373"
5.183333333333334,10,Human,1,4,3,26,-5.183333333333334,"-5.2559299816995635,-5.18333333333333,-5.267512103735814,-5.261688543070651"
5.2,11,Human,1,4,3,28,-5.2,"-5.244229543791121,-5.19999999999877,-5.2302580290575875,-5.249549877939413"
2.8833333333333333,12,Human,3,0,3,30,-2.8833333333333333,"-2.8866658749329566,-2.9917063985250394,-3.005779227656692,-2.883333333333333"
4.566666666666666,13,Human,0,6,5,31,-4.566666666666666,"-4.5666666666666735,-4.6729365010799135,-4.719364025560223,-4.812945524358051"
4.233333333333333,14,Human,3,1,1,33,-4.233333333333333,"-4.290960333844739,-4.270467377359278,-4.278614706976525,-4.2333333333346665"
5.083333333333333,15,Human,1,4,3,37,-5.083333333333333,"-5.152255357124455,-5.083333333327155,-5.120528796336433,-5.170544876171647"
0.85,16,Human,0,7,6,39,-0.85,"-0.8500000000000006,-1.050407967362611,-1.9828099562359145,-1.7689318636021725"
1.7,17,Human,0,8,7,55,-1.7,"-1.7000000000000004,-1.8413539313493574,-1.759112963543949,-2.4700871133190496"
1.9333333333333333,18,Human,0,9,8,56,-1.9333333333333333,"-1.9333333333333336,-2.2914863789314124,-1.9407669544709805,-2.027528439451463"
4.116666666666666,19,Human,0,8,9,57,-4.116666666666666,"-4.116666666666669,-4.16665132586845,-4.1742208921351125,-4.148037162338769"
4.666666666666667,20,Human,1,4,3,57,-4.666666666666667,"-4.6714005297389,-4.666666666664377,-4.727627463003101,-4.702148702351531"
2.783333333333333,21,Human,0,10,5,58,-2.783333333333333,"-2.7833333333333328,-2.9592442633842597,-2.9483995828424963,-2.907190793610461"
4.1,23,Human,0,7,9,61,-4.1,"-4.100000000000003,-4.1215098764502045,-4.106248105323655,-4.237178747607392"
4.2,24,Human,0,12,10,69,-4.2,"-4.200000000001328,-4.427596870277193,-4.816280494425326,-4.4287366024179216"
4.366666666666666,27,Human,1,11,3,73,-4.366666666666666,"-4.483296903521668,-4.3666666666666725,-4.482681325584115,-4.476775726026533"
4.3,28,Human,1,11,3,75,-4.3,"-4.361577185015809,-4.2999999999993035,-4.375046864373834,-4.374442340365585"
3.933333333333333,29,Human,2,11,2,77,-3.933333333333333,"-4.582154728869692,-4.506561788620775,-3.933333333332738,-4.554611905649805"
4.316666666666666,33,Human,1,4,3,81,-4.316666666666666,"-4.417757328840292,-4.316666666670188,-4.450217910942343,-4.415563350946999"
3.4,34,Human,2,13,4,82,-3.4,"-3.678865547013622,-3.661336871543434,-3.400000000000126,-3.7316337354120916"
2.316666666666667,35,Human,0,14,3,82,-2.316666666666667,"-2.316666666666661,-2.333855452683809,-2.339713836377082,-2.4998095825803324"
5.116666666666666,37,Human,1,0,2,82,-5.116666666666666,"-5.415480669412858,-5.11666666666651,-5.258224143952439,-5.348753811968952"
4.266666666666667,38,Human,1,4,3,83,-4.266666666666667,"-4.319249994383697,-4.266666666668214,-4.405934328753875,-4.333885877939413"
4.316666666666666,39,Human,1,4,3,86,-4.316666666666666,"-4.417729159646289,-4.316666666663183,-4.422617910942343,-4.387296684280332"
1.95,40,Human,3,0,3,88,-1.95,"-2.2320493994437283,-2.2557912476953743,-2.277780043213581,-1.9500000000000015"
4.283333333333333,41,Human,1,11,3,89,-4.283333333333333,"-4.603403570188335,-4.283333333330235,-4.380743214031473,-4.54769758989557"
4.266666666666667,42,Human,1,11,3,91,-4.266666666666667,"-4.313454462735419,-4.266666666663409,-4.363143214031473,-4.56449758989557"
6.533333333333333,43,Human,2,11,2,92,-6.533333333333333,"-6.541466666613433,-6.707774896496622,-6.533333333332765,-6.541286649802629"
4.183333333333334,44,Human,1,4,3,93,-4.183333333333334,"-4.228290662173626,-4.183333333327728,-4.226617910942343,-4.2814300176136655"
5.833333333333333,46,Human,3,11,13,96,-5.833333333333333,"-5.8611602755066325,-5.890570964101865,-5.888973849157173,-5.833333333326484"
1.1333333333333333,47,Human,0,15,1,101,-1.1333333333333333,"-1.1333333333333342,-1.2982083892364769,-2.5921691175285866,-1.3116600672562104"
2.7,48,Human,2,4,4,101,-2.7,"-3.1810786437794722,-3.2047737107537126,-2.6999999999999997,-3.2688782892044896"
0.95,50,Human,0,16,5,106,-0.95,"-0.9500000000000006,-1.694644092338159,-1.0860939048045422,-1.2390377173187488"
5.216666666666667,51,Human,1,4,3,109,-5.216666666666667,"-5.313458338367721,-5.216666666670996,-5.290265507663523,-5.28279321283406"
3.75,56,Human,3,7,4,128,-3.75,"-3.7762592307478045,-3.787813283615462,-3.776382465112132,-3.7500000000026645"
3.966666666666667,59,Human,3,1,1,132,-3.966666666666667,"-4.661018476617298,-4.691548123718445,-4.7098033898261935,-3.9666666666710264"
4.866666666666666,60,Human,1,4,3,133,-4.866666666666666,"-4.9306805297389,-4.866666666672895,-4.9890514630031,-5.124313095214559"
0.6666666666666666,62,Human,0,16,5,135,-0.6666666666666666,"-0.6666666666666664,-1.694644092338159,-1.0860939048045422,-1.2390377173187488"
4.333333333333333,63,Human,0,7,10,136,-4.333333333333333,"-4.333333333331453,-4.511050612077049,-4.443368798932557,-4.589835067976218"
2.8333333333333335,66,Human,0,19,12,140,-2.8333333333333335,"-2.8333333333333357,-2.993406744180754,-2.9094763351309716,-2.9565828946409383"
2.8666666666666667,67,Human,0,20,3,141,-2.8666666666666667,"-2.8666666666638694,-2.868164165037377,-3.254319514414837,-2.9369418206447446"
3.6,68,Human,3,7,4,141,-3.6,"-3.612415025023811,-3.610000004090023,-3.60967908027385,-3.6000000000005916"
0.7666666666666667,70,Human,0,13,14,149,-0.7666666666666667,"-0.7666666666666666,-1.550674985616997,-1.550975105665016,-1.713744489876584"
2.433333333333333,72,Human,1,8,15,150,-2.433333333333333,"-2.58061454636929,-2.433333333331289,-2.6764211861850575,-2.5102163521440546"
4.55,74,Human,1,4,3,154,-4.55,"-4.591329159646288,-4.5499999999993195,-4.639147463003099,-4.606170220171647"
4.916666666666667,75,Human,2,13,4,154,-4.916666666666667,"-4.934259561174949,-4.934937281351884,-4.916666666696347,-4.943220231128079"
4.45,76,Human,1,4,3,155,-4.45,"-4.743165328840291,-4.4499999999896,-4.565186327724255,-4.550970476171647"
5.95,80,Human,1,11,3,164,-5.95,"-6.053170856150668,-5.949999999991207,-6.075584990313477,-6.07640340524979"
4.416666666666667,81,Human,1,11,3,166,-4.416666666666667,"-4.4314059879364285,-4.416666666630239,-4.53231032364681,-4.423246071916457"
4.333333333333333,84,Human,1,11,3,171,-4.333333333333333,"-5.235164939682476,-4.333333333327186,-5.238697325584115,-5.175909032086668"
4.333333333333333,85,Human,1,11,3,172,-4.333333333333333,"-5.707578749844547,-4.333333333332172,-5.696903040662762,-5.663741866474906"
2.8833333333333333,86,Human,0,11,4,176,-2.8833333333333333,"-2.8833333333332862,-2.8874916395717785,-3.0309723489597804,-3.148727243521583"
5.6,88,Human,1,11,3,179,-5.6,"-5.606275420999729,-5.599999999994037,-5.609183633305921,-5.620765466975021"
4.116666666666666,89,Human,1,4,3,181,-4.116666666666666,"-4.364395826312955,-4.116666666663681,-4.4023512442756765,-4.330896684280332"
4.183333333333334,90,Human,1,11,3,181,-4.183333333333334,"-4.9953686849205345,-4.183333333369126,-5.073990125584114,-5.012060324199831"
4.016666666666667,92,Human,1,4,3,183,-4.016666666666667,"-4.115725328840291,-4.01666666666559,-4.1828114630031,-4.10730707350498"
5.566666666666666,96,Human,1,4,3,189,-5.566666666666666,"-5.600021379942177,-5.566666666655952,-5.8991222717794045,-5.59944790235153"
5.416666666666667,97,Human,1,4,3,191,-5.416666666666667,"-5.5797199955069585,-5.416666666669464,-5.567857474390921,-5.5483712694706515"
5.416666666666667,98,Human,1,4,3,192,-5.416666666666667,"-5.565559995506958,-5.416666666657454,-5.523297149655318,-5.501638321881225"
5.883333333333334,99,Human,1,1,1,194,-5.883333333333334,"-5.9032336314379785,-5.883333333346141,-5.902822165460239,-5.900826923888494"
5.3,100,Human,1,11,3,195,-5.3,"-5.442248867936429,-5.300000000002113,-5.4346173255841155,-5.415755613538918"
5.233333333333333,107,Human,1,4,3,212,-5.233333333333333,"-5.284156661050364,-5.233333333328675,-5.3590276620872075,-5.57690454460608"
5.55,119,Human,3,7,10,231,-5.55,"-5.598609873280348,-5.593065492724644,-5.642032733764469,-5.549999999996182"
3.6666666666666665,120,Human,3,7,4,233,-3.6666666666666665,"-3.8214425541304715,-3.841719648462226,-3.823267427530003,-3.666666666696402"
6.283333333333333,121,Human,1,4,3,233,-6.283333333333333,"-6.560413335759651,-6.283333301134902,-6.5509487763219845,-6.298319760323188"
5.533333333333333,122,Human,3,7,10,234,-5.533333333333333,"-5.576182283248054,-5.6090474290386645,-5.60498240207764,-5.53333333330292"
4.2,123,Human,0,0,21,235,-4.2,"-4.199999999999832,-4.316021948819889,-4.207010354789624,-4.50474620550078"
2.4,126,Human,0,8,21,238,-2.4,"-2.4000000000010617,-2.510315923998743,-2.431414451629257,-2.6313288771232033"
5.616666666666666,127,Human,0,27,2,240,-5.616666666666666,"-5.61666666639572,-5.802421755740477,-5.719188738927681,-5.694156511211632"
3.9,129,Human,0,4,20,245,-3.9,"-3.900000000090645,-5.759718436820152,-5.823355997287369,-5.64003416389326"
4.15,133,Human,3,16,9,248,-4.15,"-4.450398392400728,-4.229511048122633,-4.455227111253728,-4.1499999999928425"
4.433333333333334,134,Human,1,11,3,249,-4.433333333333334,"-4.483915466036786,-4.433333333333218,-4.447883513800625,-4.481936368312253"
5.916666666666667,135,Human,1,4,3,258,-5.916666666666667,"-6.228639996405566,-5.916666676654515,-6.211468370402479,-6.126657502351531"
4.5,136,Human,1,11,3,260,-4.5,"-5.615534414603095,-4.499999999991681,-5.637079291040501,-5.635412775673801"
3.433333333333333,137,Human,0,28,9,261,-3.433333333333333,"-3.433333333344624,-3.509158231215843,-3.4592329698857744,-3.6187067176757575"
1.6833333333333333,138,Human,1,0,23,262,-1.6833333333333333,"-1.8613487657596242,-1.6833333333384113,-1.8650823057292074,-1.9343259589160755"
1.4,139,Human,0,29,3,264,-1.4,"-1.3999999999962447,-1.5285910764593815,-1.6510681600213881,-1.4952748702072622"
1.8666666666666667,143,Human,0,30,25,268,-1.8666666666666667,"-1.8666666666670502,-1.9560012862970964,-1.9816537556995444,-1.972546196304296"
4.25,144,Human,1,4,3,269,-4.25,"-5.265052243032896,-4.249999999986851,-5.25323157040248,-5.3592619079097865"
4.233333333333333,145,Human,1,11,3,269,-4.233333333333333,"-5.617576441269762,-4.233333333351133,-5.652886792772588,-5.627340111184375"
7.0,148,Human,0,4,16,280,-7.0,"-7.000003237138939,-7.056939385232078,-7.154522357832459,-7.068152194138926"
4.016666666666667,150,Human,1,11,3,283,-4.016666666666667,"-4.564843570188335,-4.0166666666682955,-4.531074571225178,-4.590931790866499"
4.05,151,Human,1,11,3,285,-4.05,"-5.356423563682476,-4.050000000094973,-5.364252121899067,-5.374443470178918"
4.083333333333333,154,Human,0,11,28,289,-4.083333333333333,"-4.083333333335069,-5.246487656705925,-5.257753639541923,-5.230928247200955"
4.783333333333333,155,Human,3,16,9,289,-4.783333333333333,"-4.829416103289071,-4.832243505164773,-4.8043588925222505,-4.7833333333599075"
0.9,158,Human,0,31,2,293,-0.9,"-0.9000000000000007,-1.4011332970913348,-1.7062506211988038,-1.9857952828359569"
5.266666666666667,159,Human,1,4,3,293,-5.266666666666667,"-5.541330662173625,-5.2666666666244675,-5.5920541296697674,-5.504964702351531"
5.333333333333333,160,Human,1,4,3,295,-5.333333333333333,"-5.557527995506959,-5.333333310279082,-5.461987662087208,-5.561629877939412"
5.15,162,Human,1,4,3,298,-5.15,"-5.297191995506958,-5.15000000007842,-5.395136796336433,-5.298259211272747"
3.783333333333333,163,Human,1,11,3,299,-3.783333333333333,"-5.131398469079314,-3.783333333385246,-5.095998374699068,-5.098715779085586"
4.466666666666667,167,Human,3,32,9,306,-4.466666666666667,"-4.49489355030763,-4.576373917120231,-4.478522192923247,-4.466666666638238"
1.5666666666666667,168,Human,0,33,9,307,-1.5666666666666667,"-1.566666666667755,-1.612625312984603,-1.8414824718698926,-1.7171344573708183"
4.55,169,Human,3,4,31,308,-4.55,"-4.704495348317229,-4.705977495460763,-5.053572269049942,-4.550000000039406"
2.533333333333333,170,Human,0,0,3,315,-2.533333333333333,"-2.5333333333629677,-2.621299664822966,-2.6388907012375316,-2.598351463928562"
2.8666666666666667,174,Human,2,8,32,323,-2.8666666666666667,"-2.9690000895763924,-2.871230777089041,-2.866666666663692,-2.908739802213182"
7.683333333333334,175,Human,1,4,33,323,-7.683333333333334,"-7.727766742734798,-7.6830773864483195,-7.715380889773097,-7.717325980031509"
11.416666666666666,176,Human,3,0,16,324,-11.416666666666666,"-11.673599025127158,-11.839311279521992,-11.422966250775277,-11.407426888974584"
1.6833333333333333,177,Human,1,4,34,324,-1.6833333333333333,"-1.801593574809933,-1.6833333333504774,-1.7984909993990288,-1.9538150986422718"
4.216666666666667,181,Human,0,8,9,330,-4.216666666666667,"-4.216666666642313,-4.68094036333612,-4.8964875588017795,-4.6768200529234605"
5.333333333333333,182,Human,1,16,10,331,-5.333333333333333,"-5.470348672480556,-5.333333302247766,-5.4654944412917015,-5.555649660903647"
7.5,183,Human,2,17,3,332,-7.5,"-7.797414820027066,-7.577309885149012,-7.50000320660229,-7.514410322310056"
4.633333333333334,184,Human,1,11,3,335,-4.633333333333334,"-4.797136903521668,-4.633333310379345,-4.885074571225179,-4.736684256562237"
2.2333333333333334,186,Human,1,21,35,335,-2.2333333333333334,"-2.604314903542853,-2.2333333333318905,-2.641362814384213,-2.6138359056567193"
4.066666666666666,188,Human,3,16,9,337,-4.066666666666666,"-4.369887268587249,-4.190655476819957,-4.105384449046815,-4.066666666662471"
5.666666666666667,189,Human,1,16,10,338,-5.666666666666667,"-6.55188037393403,-5.666669893133506,-6.48097244242669,-6.302545928495282"
3.816666666666667,190,Human,3,1,1,339,-3.816666666666667,"-4.749722617648757,-4.7505808830081016,-4.751135938555061,-3.8166666666807956"
8.133333333333333,191,Human,1,17,36,340,-8.133333333333333,"-8.775558637731592,-8.117016550247232,-8.65050616649068,-8.629175674499766"
4.45,192,Human,1,11,3,340,-4.45,"-4.619938856150667,-4.449999999946641,-4.640731656980144,-4.4986159393598655"
3.066666666666667,193,Human,0,11,4,342,-3.066666666666667,"-3.066666666695853,-3.091029226135563,-3.1203056822931132,-3.3093939101882492"
5.6,194,Human,2,1,10,343,-5.6,"-5.636954011103025,-5.636973380806494,-5.600380867115059,-5.637396496716121"
3.716666666666667,195,Human,0,1,1,346,-3.716666666666667,"-3.7166666666955566,-4.011145397407299,-4.10249552256516,-4.04904707457098"
4.3,196,Human,1,11,3,347,-4.3,"-4.676683570188335,-4.299999999998998,-4.447676547364806,-4.46113758989557"
5.25,197,Human,1,0,2,347,-5.25,"-6.396754965430141,-5.250003279483893,-6.380818496359944,-6.372803755862285"
3.55,198,Human,1,13,37,348,-3.55,"-3.587471023901314,-3.5499999994161984,-3.5863573996913374,-3.758416136965946"
4.383333333333334,201,Human,1,11,3,353,-4.383333333333334,"-4.752630236855001,-4.383333333211361,-4.684967904558512,-4.7542274052497895"
5.4,202,Human,0,4,20,354,-5.4,"-5.399986186683506,-5.5866745641981534,-5.466569597829894,-5.7441250797498835"
4.983333333333333,204,Human,0,4,20,356,-4.983333333333333,"-4.983336502171429,-5.268952271914359,-5.268663464496561,-5.298145843020688"
5.2,205,Human,0,4,20,357,-5.2,"-5.200008335492998,-5.33955707191436,-5.300191997829895,-5.2430233704425255"
5.05,206,Human,0,4,20,359,-5.05,"-5.049962854892844,-5.347626405247692,-5.294006663954035,-5.312724703775859"
3.1666666666666665,207,Human,1,4,38,362,-3.1666666666666665,"-3.221665077910537,-3.166666666677774,-3.4851333311284263,-3.2703318742293246"
4.2,208,Human,1,11,3,366,-4.2,"-4.291854462735419,-4.199999977752178,-4.2979432140314735,-4.471484256562237"
4.8,209,Human,0,4,20,368,-4.8,"-4.800055975278737,-5.2799581385810255,-5.220715731163228,-5.204082570442525"
3.0833333333333335,210,Human,0,35,3,370,-3.0833333333333335,"-3.0833333333444513,-3.1054926752681222,-3.105482904740335,-3.1066459477960287"
4.016666666666667,211,Human,1,11,3,374,-4.016666666666667,"-4.3848969035216685,-4.016666666436154,-4.473394571225179,-4.513983192693199"
3.316666666666667,212,Human,0,36,20,375,-3.316666666666667,"-3.3166666671077376,-3.3931309628587054,-3.720544676796404,-3.592679778792567"
3.966666666666667,213,Human,1,0,39,376,-3.966666666666667,"-5.043138134832563,-3.9666666685246335,-5.0475548296016015,-4.842944834577792"
6.066666666666666,214,Human,1,16,10,377,-6.066666666666666,"-6.668295113375668,-6.066666667080151,-6.621027019001046,-6.647205244311669"
5.1,218,Human,1,8,9,381,-5.1,"-5.193937733392033,-5.1000000129523,-5.3177399767731774,-5.345650175672102"
4.4,220,Human,2,1,1,382,-4.4,"-4.415827492273796,-4.412036731951173,-4.3999967632228865,-4.41144329957396"
2.066666666666667,221,Human,3,37,41,383,-2.066666666666667,"-2.087328985254059,-2.0880265636480186,-2.1053028921984134,-2.066666666638857"
6.483333333333333,222,Human,0,8,9,383,-6.483333333333333,"-6.477565115896649,-6.62618802400223,-6.673254047041423,-6.616721919590127"
5.2,223,Human,1,11,3,384,-5.2,"-5.231250614349143,-5.199941817015678,-5.233651620467292,-5.206195545190315"
3.8833333333333333,224,Human,1,11,3,386,-3.8833333333333333,"-4.9030838730158095,-3.8833282176358717,-4.9262966137071675,-4.925470274232252"
4.85,227,Human,0,38,10,390,-4.85,"-4.850005116141048,-5.110907920795871,-5.156556919431468,-5.2030138281239875"
4.383333333333334,228,Human,0,4,20,395,-4.383333333333334,"-4.383330257678868,-4.788631673226282,-4.7751216632758755,-4.760065879719823"
0.6333333333333333,229,Human,0,16,5,396,-0.6333333333333333,"-0.6333333333206008,-1.694644092338159,-1.0860939048045422,-1.2390377173187488"
4.9,231,Human,1,11,3,399,-4.9,"-5.218368521345981,-4.899999999980358,-4.998601593800625,-5.030185167487893"
4.666666666666667,232,Human,0,4,20,399,-4.666666666666667,"-4.6671939119881785,-4.860717006559615,-4.904139997287368,-5.040111370442525"
4.516666666666667,233,Human,0,4,20,400,-4.516666666666667,"-4.5161193405420335,-4.820189006559615,-4.847157118263916,-4.8573684563540205"
4.283333333333333,235,Human,0,4,20,403,-4.283333333333333,"-4.283373269385088,-4.914589591532852,-4.8777616632758765,-4.8068338797198225"
2.966666666666667,238,Human,0,39,9,413,-2.966666666666667,"-2.9666666666477024,-3.102590961747061,-3.0753505106578274,-3.067186218475871"
4.283333333333333,240,Human,2,41,2,414,-4.283333333333333,"-4.460214763895302,-4.430660634988626,-4.28333654873642,-4.351618047238478"
3.35,243,Human,1,11,3,419,-3.35,"-4.623194221746762,-3.349999977282694,-4.64198933898607,-4.615900437294242"
1.9166666666666667,244,Human,3,4,10,423,-1.9166666666666667,"-2.2690174697515646,-2.260541257918924,-2.4094584822774054,-1.9166666666360141"
6.033333333333333,245,Human,0,4,20,423,-6.033333333333333,"-6.021822511405159,-6.150206296691858,-6.072238078611132,-6.099189830199907"
4.316666666666666,246,Human,1,16,10,424,-4.316666666666666,"-5.4889034252700455,-4.316666675586989,-5.245560887274684,-5.440861702056251"
2.7666666666666666,248,Human,0,43,20,429,-2.7666666666666666,"-2.766666666680969,-3.4978934952411493,-3.3326192235742393,-3.5218330362538115"
3.5166666666666666,249,Human,0,11,20,429,-3.5166666666666666,"-3.5166698720232032,-3.8725289591718615,-3.823027382183975,-3.908795925454416"
5.15,250,Human,1,16,10,434,-5.15,"-5.615098863317779,-5.144949133953849,-5.946721742817973,-5.418523132311668"
3.8,252,Human,0,11,20,438,-3.8,"-3.7994451597274796,-3.891062292505195,-3.894094048850642,-3.9398359254544157"
4.483333333333333,253,Human,1,1,1,446,-4.483333333333333,"-4.60915386214316,-4.483326873287442,-4.52375030008845,-4.529150299949337"
4.683333333333334,254,Human,3,1,1,448,-4.683333333333334,"-4.91221930304786,-4.8381686805617905,-4.755672295714731,-4.684289876198419"
3.85,256,Human,0,11,20,450,-3.85,"-3.850003788665006,-4.394769834004156,-4.280661905747181,-4.289382592121083"
4.266666666666667,258,Human,0,11,4,451,-4.266666666666667,"-4.266665813950004,-4.2689371509044785,-4.318252059307142,-4.275480302393154"
4.816666666666666,259,Human,3,1,1,452,-4.816666666666666,"-5.306891020765664,-5.342666204444473,-5.292541105630871,-4.816661503635531"
1.3333333333333333,260,Human,0,31,2,453,-1.3333333333333333,"-1.3333333333443698,-1.4011332970913348,-1.7062506211988038,-1.9857952828359569"
4.816666666666666,262,Human,3,1,1,455,-4.816666666666666,"-5.396024264167365,-5.407384580551129,-5.4661224626660525,-4.817084709475269"
6.516666666666667,265,Human,0,4,5,459,-6.516666666666667,"-6.514058781862054,-6.539879944716702,-6.619230518297548,-6.551696550577701"
3.4166666666666665,266,Human,0,44,20,462,-3.4166666666666665,"-3.4166760387933293,-3.485143395511121,-3.523724179745333,-3.5809305223509136"
4.316666666666666,269,Human,0,21,43,465,-4.316666666666666,"-4.3166616963032105,-4.332123412398469,-4.359814406716525,-4.366144198409142"
1.1,271,Human,1,45,10,474,-1.1,"-1.2575271843319042,-1.0999999999607595,-1.1276765711912289,-1.117757798536425"
3.9166666666666665,272,Human,1,11,4,474,-3.9166666666666665,"-4.161250593952719,-3.9166606032896856,-4.336817842667408,-4.172775081416088"
5.116666666666666,273,Human,3,16,9,481,-5.116666666666666,"-5.195723679363755,-5.4876177147893,-5.2064049753361585,-5.1166772461183605"
6.116666666666666,274,Human,0,4,5,481,-6.116666666666666,"-6.126789266153119,-6.1642043671603375,-6.269288410062743,-6.1758479717946235"
1.2333333333333334,275,Human,0,2,2,482,-1.2333333333333334,"-1.2333333333647305,-1.310544909108352,-3.4010860355661343,-6.968603352067967"
2.6666666666666665,278,Human,0,46,3,487,-2.6666666666666665,"-2.6666666544660695,-2.7193365818609663,-2.7382808980606694,-2.786780854314368"
5.216666666666667,281,Human,3,1,1,495,-5.216666666666667,"-5.256405709537994,-5.249366292540181,-5.245010147932775,-5.211851294046156"
4.783333333333333,283,Human,0,4,20,500,-4.783333333333333,"-4.771734437962143,-4.8394378708648205,-4.876789374611133,-4.8569718424165504"
1.3,284,Human,0,48,3,504,-1.3,"-1.2999999995630758,-1.3469472742300663,-1.9859290008299932,-1.3189111440112404"
2.3833333333333333,285,Human,1,49,3,507,-2.3833333333333333,"-2.4358885550959477,-2.3833352225165103,-2.4490472483449395,-2.4912618668777813"
3.7,287,Human,1,21,4,512,-3.7,"-3.9128549021267265,-3.699998309359852,-3.9626435319873097,-3.914305831003388"
4.55,288,Human,0,50,12,515,-4.55,"-4.5541723040088185,-4.651356401690431,-4.6679578898439,-4.694743902492069"
2.3,289,Human,0,22,20,515,-2.3,"-2.2999968086631792,-2.626546729274864,-2.535587323482309,-2.538964294717167"
4.233333333333333,291,Human,1,16,10,517,-4.233333333333333,"-5.263354750938586,-4.239659055384434,-5.422027774625035,-5.148082410619102"
3.0833333333333335,292,Human,1,7,1,521,-3.0833333333333335,"-3.2377573386712326,-3.0833335325309728,-3.1216176347656366,-3.382987014106191"
2.0166666666666666,293,Human,0,16,46,521,-2.0166666666666666,"-2.016666666077488,-2.0578036231051096,-2.104405618074444,-2.0424836889399387"
2.65,295,Human,0,11,20,524,-2.65,"-2.6499987813769152,-2.9744706233825418,-3.2095219513291275,-3.1090545419031543"
5.433333333333334,296,Human,0,4,5,524,-5.433333333333334,"-5.437000928628777,-5.456192672686557,-5.443379646919928,-5.60223818059985"
3.9833333333333334,298,Human,0,11,47,528,-3.9833333333333334,"-3.983333482668489,-4.322810286984196,-4.361197249027024,-4.417448603536178"
4.0,299,Human,2,11,5,529,-4.0,"-5.016638936948175,-4.999886237941989,-3.999164923931809,-5.044570903624764"
1.9833333333333334,300,Human,0,51,20,531,-1.9833333333333334,"-1.983330189126077,-2.1732302320496233,-2.2546072032844817,-2.2408563045088448"
3.4166666666666665,301,Human,0,4,20,533,-3.4166666666666665,"-3.426123283358633,-4.231758671914359,-4.207252264930583,-4.252268083020687"
5.3,302,Human,0,4,5,534,-5.3,"-5.297127576170412,-5.317944134226132,-5.375097394061221,-5.312023506539969"
5.316666666666666,303,Human,0,4,5,536,-5.316666666666666,"-5.3252360032371655,-5.373864606683364,-5.504406618117414,-5.372768403096738"
4.216666666666667,304,Human,0,11,20,537,-4.216666666666667,"-4.205217404515496,-4.246617493762661,-4.286490551260712,-4.244812207165995"
3.8833333333333333,305,Human,0,17,5,541,-3.8833333333333333,"-3.883333333333508,-4.310015889990266,-4.307309931746925,-4.327970847567825"
4.133333333333334,306,Human,0,11,20,546,-4.133333333333334,"-4.121914834034272,-4.335298533869992,-4.39762190574718,-4.314710992290826"
4.716666666666667,308,Human,0,17,5,548,-4.716666666666667,"-4.716686301990617,-4.841741767675017,-4.82266296238776,-4.817405678910155"
6.35,310,Human,1,11,5,551,-6.35,"-6.428802744330871,-6.36098572147867,-6.418674531251849,-6.423079697214047"
6.466666666666667,311,Human,0,4,5,552,-6.466666666666667,"-6.47060525286291,-6.479841818087337,-6.627429145883075,-6.480047922431697"
2.35,312,Human,3,52,20,555,-2.35,"-2.5082064669843915,-2.5098125093149477,-2.5212234834598695,-2.349996771763616"
4.833333333333333,313,Human,3,0,2,562,-4.833333333333333,"-5.3388856945321805,-5.3545146567073045,-5.339252389121869,-4.832731972748671"
2.8666666666666667,315,Human,0,0,3,564,-2.8666666666666667,"-2.866813087617425,-2.8979780326686857,-2.9029229049815153,-2.9001463136657435"
2.816666666666667,317,Human,0,0,3,572,-2.816666666666667,"-2.8168115893310994,-2.8903405408358567,-2.8810176312268934,-2.822893895394067"
3.65,318,Human,0,11,20,573,-3.65,"-3.6384329052861357,-4.0394622925051955,-3.982326553011529,-3.9055355256241597"
6.766666666666667,320,Human,0,36,16,579,-6.766666666666667,"-6.753121968972116,-6.843381159455155,-7.026306718413235,-6.79122983702691"
3.0,321,Human,0,39,9,588,-3.0,"-2.9998144325222835,-3.1692718688514527,-3.1237505106578274,-3.148519551809205"
2.183333333333333,322,Human,0,8,49,593,-2.183333333333333,"-2.183968229407271,-2.225849349652028,-2.3337058795296377,-2.2395184122102236"
1.0666666666666667,323,Human,0,4,50,593,-1.0666666666666667,"-1.0666647672736704,-1.1668958349633094,-1.191131437525106,-1.192731740863894"
5.683333333333334,324,Human,0,4,5,599,-5.683333333333334,"-5.6777217626096474,-5.697783023416794,-5.8660103985853995,-5.693559663427433"
0.55,327,Human,0,16,5,606,-0.55,"-0.5500000000275191,-1.694644092338159,-1.0860939048045422,-1.2390377173187488"
4.1,328,Human,0,7,10,607,-4.1,"-4.108824398991127,-4.429056248037055,-4.5739855384356005,-4.487477734642885"
5.133333333333334,330,Human,0,7,10,611,-5.133333333333334,"-5.138005879349391,-5.147514117276554,-5.156882963551865,-5.177337209024714"
3.95,331,Human,0,7,9,613,-3.95,"-3.567075624751695,-3.871462595560164,-3.8198396738207285,-3.8806480430090584"
5.15,332,Human,0,7,10,614,-5.15,"-5.159945929140996,-5.180878100590672,-5.1853943347432825,-5.211200402735561"
3.1166666666666667,333,Human,2,0,51,615,-3.1166666666666667,"-3.5535851868866355,-3.5567631730363187,-3.1193233355481667,-3.558350625366475"
5.183333333333334,334,Human,2,7,10,616,-5.183333333333334,"-5.180370050573808,-5.216394340050115,-5.180455547333737,-5.196130816720715"
3.933333333333333,336,Human,0,7,9,618,-3.933333333333333,"-3.9377479537387203,-4.023976223116872,-4.047424748329859,-3.974465434509241"
4.2,339,Human,3,11,4,637,-4.2,"-4.205204518199119,-4.204070072586017,-4.316142303334259,-4.191911542857133"
3.6666666666666665,340,Human,0,55,20,645,-3.6666666666666665,"-3.665746341257358,-3.9219246304482924,-3.8409633688579827,-3.9498539108521746"
5.183333333333334,341,Human,0,17,5,645,-5.183333333333334,"-5.192513035787699,-5.322104552953593,-5.367634316097929,-5.350922859866051"
5.133333333333334,344,Human,1,0,53,667,-5.133333333333334,"-5.257919087265224,-5.13318162207181,-5.185596101702865,-5.240921686653616"
1.1666666666666667,348,Human,0,58,3,674,-1.1666666666666667,"-1.171870050425345,-1.260118627724668,-1.5547920824197208,-1.4682393475748827"
4.216666666666667,349,Human,0,7,10,675,-4.216666666666667,"-4.2167357710683815,-4.302725581370388,-4.510909671423699,-4.420700501636939"
4.0,350,Human,0,4,40,676,-4.0,"-3.9967210549834222,-4.190253979921373,-4.22257102644605,-4.205124249137972"
4.233333333333333,352,Human,0,7,10,676,-4.233333333333333,"-4.2816766560271,-4.59327806509631,-4.703656338090364,-4.425207168303606"
3.316666666666667,353,Human,0,7,9,678,-3.316666666666667,"-3.3225096367089106,-3.9460952568934973,-3.7397796020789893,-3.734170700843988"
2.5,354,Human,0,0,3,679,-2.5,"-2.5049377989109725,-2.597966331489633,-2.6155573679041986,-2.519308464759897"
3.0,355,Human,0,7,55,680,-3.0,"-2.9991476362530936,-3.0776686167627605,-3.0782423614110876,-3.0090000177830794"
4.033333333333333,356,Human,1,13,56,680,-4.033333333333333,"-4.105840220044417,-4.033579198276789,-4.103351754559096,-4.101355438326726"
2.433333333333333,358,Human,0,0,3,680,-2.433333333333333,"-2.437690787222782,-2.8677063985250397,-2.8757792276566922,-2.617931354546752"
7.05,359,Human,1,8,10,681,-7.05,"-7.140106427097751,-7.052885546667477,-7.136118001593925,-7.283678120776005"
4.216666666666667,361,Human,0,7,10,684,-4.216666666666667,"-4.17404597733862,-4.530192248037055,-4.477479502748481,-4.572133734642884"
3.283333333333333,362,Human,2,59,10,686,-3.283333333333333,"-3.2953814605241143,-3.3250443928799736,-3.284507158261616,-3.438563601903252"
4.133333333333334,363,Human,0,7,10,686,-4.133333333333334,"-4.12778619952469,-4.560137873256167,-4.558682849839289,-4.549488401309551"
5.516666666666667,364,Human,3,17,5,686,-5.516666666666667,"-5.511267115454139,-5.511464977750202,-5.511243837963087,-5.509962446794663"
3.066666666666667,366,Human,0,7,9,691,-3.066666666666667,"-3.04248623487325,-3.424190278021204,-3.5516622687456563,-3.4935769011759064"
3.4833333333333334,367,Human,2,7,58,692,-3.4833333333333334,"-3.4957922494291007,-3.4887604769308815,-3.4732553115932667,-3.489729331173857"
2.033333333333333,368,Human,0,47,2,693,-2.033333333333333,"-2.0391438174841072,-2.195957550153827,-2.1307075746065167,-2.1279341310375846"
2.3833333333333333,369,Human,0,60,5,694,-2.3833333333333333,"-2.383766887674783,-2.400482456475456,-2.4359533071488877,-2.5144636256230357"
4.083333333333333,370,Human,0,7,10,694,-4.083333333333333,"-4.086408502456016,-4.745858078743715,-4.747954818435601,-4.776223830171446"
2.95,374,Human,0,7,9,699,-2.95,"-2.949802650626874,-3.5954793107751386,-3.5765532816631915,-3.7293667678425737"
2.066666666666667,375,Human,0,0,3,706,-2.066666666666667,"-2.1389891528416105,-2.2557912476953743,-2.277780043213581,-2.2183083121087113"
5.033333333333333,378,Human,0,7,10,711,-5.033333333333333,"-5.0271029184871985,-5.33691966509631,-5.2419283230445,-5.226464401309553"
5.066666666666666,379,Human,0,17,5,714,-5.066666666666666,"-5.070758183401062,-5.432602556656932,-5.436915265080259,-5.459810847567826"
1.15,380,Human,0,61,2,715,-1.15,"-1.1508166301618779,-1.2191972212931248,-3.742237715820669,-1.2739179329039032"
5.0,381,Human,0,62,2,721,-5.0,"-5.016775454786762,-5.496796117664995,-5.32639911195555,-5.349035473684363"
3.933333333333333,382,Human,1,11,3,726,-3.933333333333333,"-3.9976028561506682,-3.9341247384117852,-4.113714571225178,-3.966501924199832"
3.6333333333333333,383,Human,0,63,5,726,-3.6333333333333333,"-3.6387907364404843,-4.069148086200643,-4.130356520000658,-4.0346695921466065"
4.116666666666666,385,Human,1,0,59,729,-4.116666666666666,"-4.240949464344209,-4.118220256421351,-4.128816755783943,-4.173155033610632"
5.4,386,Human,1,11,3,732,-5.4,"-5.5979015228173346,-5.397685621189948,-5.6275903236468094,-5.488513914154559"
2.8833333333333333,388,Human,0,66,1,736,-2.8833333333333333,"-2.886492124850497,-2.9112284564723674,-2.9158317795080597,-2.9509483386178093"
2.6333333333333333,389,Human,0,16,12,738,-2.6333333333333333,"-2.6372283485807415,-2.8258465590988013,-2.783881221891204,-2.962439886249676"
4.65,391,Human,0,67,5,746,-4.65,"-4.650499427659873,-5.350323914202631,-5.438961550744127,-5.393533687245207"
2.3833333333333333,392,Human,1,68,2,751,-2.3833333333333333,"-2.4474116811204256,-2.392910255954508,-2.5295714221757817,-2.4739954662354506"
0.85,393,Human,0,69,12,752,-0.85,"-0.8495539099958407,-2.1600544465446365,-1.3885305021936782,-1.3882303821456592"
0.6666666666666666,395,Human,0,16,5,752,-0.6666666666666666,"-0.6668194321368585,-1.694644092338159,-1.0860939048045422,-1.2390377173187488"
3.7333333333333334,398,Human,3,7,4,769,-3.7333333333333334,"-3.7463840223384155,-3.7576525277552006,-3.772253978447272,-3.741273491274868"
2.95,399,Human,0,7,9,770,-2.95,"-2.9521290048296853,-2.967102471802256,-3.0011007853105247,-3.0998778017758584"
3.7666666666666666,400,Human,3,7,4,772,-3.7666666666666666,"-3.8218462094065977,-3.8163397030950486,-3.8282058153548837,-3.781111885669613"
5.783333333333333,402,Human,0,0,5,775,-5.783333333333333,"-5.794205589448497,-6.061437632617366,-5.981747289960481,-6.1818297953745915"
1.9333333333333333,403,Human,0,4,4,775,-1.9333333333333333,"-1.9289909425385008,-2.8383459019363038,-2.747466595567377,-2.9868782892044896"
5.666666666666667,405,Human,1,0,2,776,-5.666666666666667,"-5.9486164999649525,-5.722556929094266,-5.931616115161951,-5.941170925523735"
2.3333333333333335,407,Human,3,0,3,778,-2.3333333333333335,"-2.3452916193316944,-2.5646329981562994,-2.592224034570865,-2.3345051742515577"
3.5,409,Human,2,11,60,779,-3.5,"-3.802681472877128,-3.8489466634829026,-3.4868684038053877,-3.974786457016212"
3.0166666666666666,411,Human,0,7,9,780,-3.0166666666666666,"-3.020421490286946,-3.285769138468923,-3.222347294915086,-3.1629564598032163"
3.683333333333333,414,Human,3,7,4,782,-3.683333333333333,"-3.6904595631611183,-3.693383086391198,-3.690188963947926,-3.6821519028196263"
1.8333333333333333,415,Human,0,4,4,783,-1.8333333333333333,"-2.3172956060949375,-3.177286567959099,-3.1707853192355904,-3.3029692980302583"
3.65,417,Human,3,7,4,786,-3.65,"-3.653607769283035,-3.6538641427873246,-3.653766282503931,-3.648699234030661"
1.5666666666666667,418,Human,0,0,23,787,-1.5666666666666667,"-1.5617290035319158,-1.7762723838569574,-1.7657390756666933,-1.9343259589160755"
4.083333333333333,419,Human,0,7,10,788,-4.083333333333333,"-4.071002289520371,-4.493966065096311,-4.446925070472292,-4.402261734642885"
4.383333333333334,420,Human,1,11,3,789,-4.383333333333334,"-4.417680151587201,-4.388979255282594,-4.455207632373834,-4.504474928548468"
5.483333333333333,422,Human,0,0,5,794,-5.483333333333333,"-5.544658138286572,-6.294217090778327,-6.161527865574709,-6.505197388606131"
2.1,425,Human,3,0,3,797,-2.1,"-2.3279160661103946,-2.2557912476953743,-2.277780043213581,-2.0993429761836966"
5.5,427,Human,0,0,5,801,-5.5,"-5.563624492375913,-6.304721587651748,-6.411816932241376,-6.326642595374592"
5.433333333333334,428,Human,0,0,5,802,-5.433333333333334,"-5.498096362808322,-6.53242161305522,-6.786183865574709,-6.550503412888811"
5.45,429,Human,0,0,5,803,-5.45,"-5.840221406894759,-6.7499951988661415,-6.680227732459767,-6.700195244218239"
4.583333333333333,430,Human,1,1,1,803,-4.583333333333333,"-4.692648743047861,-4.579968679113043,-4.709223540081117,-4.64860190582829"
5.5,431,Human,0,0,5,804,-5.5,"-5.581522376805298,-6.723221921969914,-6.820521471301147,-6.785650721939464"
6.883333333333334,434,Human,1,0,5,807,-6.883333333333334,"-6.972999493085752,-6.882446132048758,-7.164125198908043,-7.246920577551573"
6.8,435,Human,0,0,2,811,-6.8,"-6.811421316573769,-6.984021415988312,-6.957194846607215,-7.098576990238001"
6.616666666666666,436,Human,2,1,10,814,-6.616666666666666,"-6.618084470674582,-6.819844188706493,-6.613505977719902,-7.0799986485143656"
5.016666666666667,439,Human,3,71,2,816,-5.016666666666667,"-5.128832118568736,-5.195385059721387,-5.136572793413983,-5.026716354166799"
6.7,442,Human,0,0,2,818,-6.7,"-6.664382752197457,-6.969136879537821,-6.893388583570317,-7.050381592190401"
3.1,443,Human,0,4,20,820,-3.1,"-3.0924522060089887,-3.1007883907865845,-3.2572428319190285,-3.1367754224930553"
6.583333333333333,444,Human,2,1,10,822,-6.583333333333333,"-6.731788806061389,-6.651346308791723,-6.583189340865627,-6.80497275555522"
2.7,446,Human,0,0,62,824,-2.7,"-2.6873902229177506,-2.75837578260616,-2.8355007491443835,-2.859947394638927"
3.566666666666667,447,Human,0,72,20,832,-3.566666666666667,"-3.5758666517372535,-3.7882428937601142,-3.798971437499983,-3.9005534092488547"
1.6333333333333333,448,Human,0,73,2,833,-1.6333333333333333,"-1.634454444161577,-1.9106750115452948,-1.7118149318762783,-1.7497385131158296"
3.466666666666667,449,Human,3,8,63,840,-3.466666666666667,"-3.4851160311228826,-3.5099901750449285,-3.5047391964238157,-3.4674172591676853"
4.133333333333334,452,Human,0,4,20,852,-4.133333333333334,"-4.140544786922929,-4.236270322749399,-4.184768745761511,-4.291282349649778"
4.733333333333333,455,Human,1,4,3,859,-4.733333333333333,"-4.793398610457787,-4.735615251517917,-4.810440995420541,-4.796498582838314"
5.65,457,Human,0,17,5,861,-5.65,"-5.64774080679273,-5.8076745566569326,-5.832125278730874,-5.65971128393239"
2.7666666666666666,459,Human,0,7,9,861,-2.7666666666666666,"-2.768108869167502,-3.0874739774418054,-3.3015472949150872,-3.113911126469883"
7.416666666666667,462,Human,1,1,10,864,-7.416666666666667,"-7.534126851634744,-7.418192271009668,-7.568261615548319,-7.535990324217151"
4.933333333333334,463,Human,3,1,1,866,-4.933333333333334,"-5.0789954797637655,-5.034088748540928,-5.045506085287038,-4.9336238181199015"
4.15,464,Human,2,75,1,869,-4.15,"-4.206280012462659,-4.291079021988753,-4.152597112435073,-4.248430819988183"
3.75,465,Human,1,7,1,870,-3.75,"-3.894557338671233,-3.73547645321786,-3.812635286250008,-3.7923896112849533"
2.466666666666667,468,Human,1,21,39,874,-2.466666666666667,"-2.5867255856928812,-2.4535591444821954,-2.5461283260604457,-2.6064476017736116"
5.1,469,Human,2,4,2,875,-5.1,"-5.238340889852769,-5.2482288101812085,-5.152809669404705,-5.23353487496783"
2.5166666666666666,473,Human,2,67,67,884,-2.5166666666666666,"-2.5273605183276278,-2.514843998283491,-2.4969784056749096,-2.541384660839677"
4.866666666666666,478,Human,3,1,1,892,-4.866666666666666,"-5.118906105262339,-5.102250977956135,-5.160983360256954,-4.906794307611235"
3.8666666666666667,479,Human,3,8,0,894,-3.8666666666666667,"-3.9156070673155776,-3.92331487469888,-3.9234002598922224,-3.8733184827802996"
2.95,482,Human,1,11,69,895,-2.95,"-3.0179324633605806,-2.9596578801664837,-3.1075431080902476,-3.191430719577295"
3.0166666666666666,483,Human,0,8,70,896,-3.0166666666666666,"-3.0130566591663808,-3.041962689064107,-3.1674252771242415,-3.046325802891351"
4.983333333333333,484,Human,3,1,1,896,-4.983333333333333,"-5.80998050437549,-5.885071625602856,-5.8262536189281615,-5.118127097960865"
6.35,489,Human,1,1,1,899,-6.35,"-5.931727940373706,-5.398067139759604,-5.976733130065968,-5.922150257074684"
4.966666666666667,490,Human,2,4,5,900,-4.966666666666667,"-5.089503969752115,-5.090917945376655,-4.964969298013856,-5.095901622018611"
3.433333333333333,491,Human,0,77,10,901,-3.433333333333333,"-3.4373079197658027,-3.7191500374620907,-3.683190460821437,-3.7663430502907183"
6.616666666666666,495,Human,0,0,2,904,-6.616666666666666,"-6.002186737221214,-6.470855387641515,-6.555734073728482,-6.681058925523734"
6.683333333333334,496,Human,0,0,2,905,-6.683333333333334,"-6.689307095176748,-6.861705255907465,-6.888024513170316,-6.999483224961189"
6.35,499,Human,1,0,2,907,-6.35,"-6.559516983938052,-6.3886957396451365,-6.5895253696103,-6.62905600453482"
6.316666666666666,500,Human,2,4,5,908,-6.316666666666666,"-6.36490622526496,-6.359757878502925,-6.313150179535616,-6.368313160171767"
6.616666666666666,501,Human,0,0,5,911,-6.616666666666666,"-6.634463620604759,-7.045005733838911,-6.943887960014214,-6.959688274965125"
3.0833333333333335,502,Human,0,0,3,911,-3.0833333333333335,"-3.0906732247444473,-3.1475350093781547,-3.241778705700283,-3.125293039482727"
6.7,503,Human,2,1,10,912,-6.7,"-7.776242386996906,-7.785860063598358,-6.731547246305351,-7.7731549045454535"
4.65,505,Human,3,1,1,918,-4.65,"-5.517690539023344,-5.590341540960581,-5.55575037423278,-5.236369062909901"
2.95,507,Human,0,16,71,921,-2.95,"-2.945882309254638,-3.0188840230116525,-3.0273154666618276,-3.053442687370125"
2.95,508,Human,0,0,3,922,-2.95,"-2.956111956530318,-3.0337063985250396,-3.047779227656692,-2.978663001821116"
6.6,509,Human,0,0,5,923,-6.6,"-6.591337093258297,-7.444430648543398,-7.366755055258189,-7.368925122232257"
1.8333333333333333,511,Human,0,0,12,925,-1.8333333333333333,"-1.7650431424381223,-1.7889970437342793,-2.0349812123159734,-1.9973901759014077"
5.866666666666666,514,Human,3,24,10,931,-5.866666666666666,"-5.8971521837364325,-5.897960020004295,-6.181409440560487,-5.874607380224349"
2.8333333333333335,515,Human,0,0,3,932,-2.8333333333333335,"-2.8362950400386238,-2.9790397318583732,-2.984445894323359,-2.859707353991599"
3.0,517,Human,0,79,1,942,-3.0,"-3.0113465960752714,-3.2489171058270157,-3.102295393847852,-3.0622530562981156"
4.333333333333333,519,Human,0,81,2,944,-4.333333333333333,"-4.392396704970615,-5.746499820558895,-5.586839693904945,-5.63592979368084"
5.166666666666667,520,Human,3,1,1,948,-5.166666666666667,"-5.313090846897671,-5.312465552777716,-5.314770545534602,-5.177655410854616"
7.333333333333333,523,Human,2,1,10,957,-7.333333333333333,"-7.380650801958682,-7.380703819750803,-7.3349722124478,-7.380339790309657"
4.95,526,Human,3,1,1,964,-4.95,"-5.08155614289371,-5.0846254350755125,-5.106298598291144,-4.982873762697288"
4.95,527,Human,3,1,1,966,-4.95,"-5.083628649078549,-5.08438936420322,-5.081402140514159,-4.980336633841344"
4.95,528,Human,3,1,1,968,-4.95,"-5.103725739774206,-5.085846392475575,-5.0876751170762455,-4.979957294988482"
5.05,530,Human,3,1,1,970,-5.05,"-5.364544162527436,-5.207088208035542,-5.224420738116634,-5.0835733882525425"
4.333333333333333,531,Human,1,11,3,973,-4.333333333333333,"-4.451455084920534,-4.333640679314442,-4.487581237891845,-4.648144164821226"
5.216666666666667,532,Human,3,1,1,973,-5.216666666666667,"-5.657852503918679,-5.6582152846116145,-5.655801442399716,-5.19091328204259"
1.6666666666666667,534,Human,0,82,1,976,-1.6666666666666667,"-1.667393266908709,-2.191654282816058,-1.883164031224354,-2.6100259542129614"
4.25,535,Human,1,11,3,978,-4.25,"-4.284908951587201,-4.248173877795839,-4.3130151922507824,-4.296312612821225"
5.066666666666666,536,Human,1,55,5,981,-5.066666666666666,"-6.329559709394827,-5.066722304225756,-6.279642356821139,-6.3292825623556865"
5.333333333333333,537,Human,0,4,5,984,-5.333333333333333,"-5.355371724549102,-5.670261112358436,-5.424420587303594,-5.47180589096048"
5.183333333333334,540,Human,0,11,5,990,-5.183333333333334,"-5.196372958917381,-5.33909195873475,-5.410433631783443,-5.546359703624764"
4.016666666666667,541,Human,1,11,3,994,-4.016666666666667,"-4.213321129402085,-4.013335254043086,-4.26220988069814,-4.1715553207027956"
6.7,543,Human,2,1,10,1000,-6.7,"-7.72731911037436,-7.791009131875434,-6.699315998866232,-7.754822374198786"
6.633333333333334,545,Human,0,4,5,1002,-6.633333333333334,"-6.6253818434060365,-6.686273787773506,-6.824076831314228,-6.690759494735476"
4.783333333333333,547,Human,3,1,1,1002,-4.783333333333333,"-5.486454624756443,-5.5106767843954145,-5.481919531052034,-4.7869251688841725"
6.233333333333333,550,Human,1,11,5,1004,-6.233333333333333,"-6.307399381075082,-6.223376531065438,-6.322991856927763,-6.306836348713144"
2.5166666666666666,555,Human,0,11,55,1010,-2.5166666666666666,"-2.5242332396287255,-2.7083797648188153,-2.717682959463962,-2.6543962935581615"
8.133333333333333,557,Human,0,17,3,1014,-8.133333333333333,"-8.137396903843117,-8.222849846495368,-8.209622698355634,-8.215793933514847"
4.533333333333333,558,Human,0,4,76,1016,-4.533333333333333,"-4.533667016706692,-4.9374598210997505,-4.752329529390999,-4.686484320986231"
2.716666666666667,559,Human,0,84,1,1019,-2.716666666666667,"-2.7166726435139865,-3.0023478842119964,-2.870432822834273,-2.869023651957467"
2.6666666666666665,560,Human,0,0,77,1020,-2.6666666666666665,"-2.676631304583507,-2.7680537753175836,-2.7328215841549834,-2.785462370612753"
0.6833333333333333,561,Human,0,16,5,1024,-0.6833333333333333,"-0.6829819313500741,-1.694644092338159,-1.0860939048045422,-1.2390377173187488"
5.883333333333334,562,Human,2,11,2,1029,-5.883333333333334,"-5.951396170116389,-5.955007947213224,-5.499794286856507,-5.947670176365937"
5.333333333333333,563,Human,3,4,52,1033,-5.333333333333333,"-5.348715040948164,-5.346379572099266,-5.354046678861587,-5.304828386285758"
6.066666666666666,565,Human,2,1,10,1041,-6.066666666666666,"-7.094774393737588,-7.074815807181326,-6.068638075007442,-7.106276101755809"
5.033333333333333,566,Human,3,1,1,1044,-5.033333333333333,"-5.1523245388601895,-5.134689705746604,-5.129717667309534,-5.0317050475300125"
5.933333333333334,568,Human,1,4,5,1047,-5.933333333333334,"-5.939555322116687,-5.905410792894856,-6.067914627827264,-5.944871839954944"
6.733333333333333,575,Human,2,1,10,1056,-6.733333333333333,"-6.9857966844211585,-6.990762916340529,-6.7600902455483824,-7.006860416086282"
4.85,576,Human,3,1,1,1058,-4.85,"-5.044094240318218,-5.033388236050586,-5.035475082880655,-4.850670605522104"
4.0,577,Human,1,21,79,1060,-4.0,"-4.134317000468673,-4.041368203376872,-4.321113350855101,-4.187302940487701"
1.5333333333333334,580,Human,0,21,80,1062,-1.5333333333333334,"-1.54081202733918,-2.263168348692969,-2.166658297588294,-2.0090353347962657"
3.0833333333333335,582,Human,0,7,1,1064,-3.0833333333333335,"-3.074281311470862,-4.889664496939265,-5.0450039165333385,-5.0891453512223706"
3.8,583,Human,0,1,81,1065,-3.8,"-3.8239780818427143,-3.8478015509674783,-3.886183437553602,-4.096954897039603"
5.35,584,Human,2,11,5,1066,-5.35,"-5.446686155017517,-5.531580966680429,-5.350357306965882,-5.448058377292383"
1.95,585,Human,3,0,3,1070,-1.95,"-2.248458686066941,-2.2557912476953743,-2.277780043213581,-1.950000991398698"
1.9333333333333333,588,Human,0,13,82,1075,-1.9333333333333333,"-1.9131050812430037,-1.9214713607278548,-2.0110271034259632,-2.039521962852816"
2.316666666666667,589,Human,0,17,16,1075,-2.316666666666667,"-2.3595417059030614,-2.4229958399838845,-2.4110277003529994,-2.4727507044999375"
4.966666666666667,590,Human,2,4,5,1078,-4.966666666666667,"-5.327958279896501,-5.341477999169001,-4.960811387861721,-5.331658814956967"
4.55,591,Human,0,13,4,1078,-4.55,"-4.54879686576113,-4.561870418672425,-4.562728574192409,-4.562590462539696"
5.383333333333334,592,Human,1,4,5,1080,-5.383333333333334,"-5.414735643006319,-5.365176500813577,-5.470507951450747,-5.412681819064889"
5.0,593,Human,0,4,12,1081,-5.0,"-4.9854759566476865,-5.014396010413664,-5.010780779952864,-5.008665919454814"
3.6166666666666667,596,Human,1,87,5,1090,-3.6166666666666667,"-3.9213278949954566,-3.6108895555444054,-4.0157822698382155,-4.059092281806144"
5.266666666666667,597,Human,1,17,5,1090,-5.266666666666667,"-5.288911576222358,-5.26630158824082,-5.285724944706503,-5.286007310711078"
5.383333333333334,599,Human,1,4,3,1092,-5.383333333333334,"-5.5823637297389,-5.359764201907858,-5.389080995420541,-5.560894302351531"
2.4,601,Human,2,11,83,1095,-2.4,"-2.4300182393033216,-2.6323129142474357,-2.4008566990606477,-2.5838961555075595"
3.783333333333333,602,Human,1,11,3,1098,-3.783333333333333,"-4.652763570188334,-3.7880883884619805,-4.728544990313477,-4.7381637908664995"
5.383333333333334,603,Human,1,11,3,1100,-5.383333333333334,"-5.584392189484002,-5.375478595510314,-5.611307656980143,-5.5548247385831235"
2.683333333333333,605,Human,1,89,2,1107,-2.683333333333333,"-2.9441397005166365,-2.670957857404607,-2.7049446704527744,-2.738522720823391"
5.6,606,Human,3,1,1,1107,-5.6,"-5.592961919154605,-5.594819034902719,-5.593791854304018,-5.582432968396334"
4.016666666666667,609,Human,3,16,30,1113,-4.016666666666667,"-4.066123158855918,-4.051200974887231,-4.063673929832841,-4.026638453978188"
5.116666666666666,611,Human,1,4,3,1118,-5.116666666666666,"-5.1412233277170305,-5.097054448179773,-5.183267662087207,-5.364573877939414"
5.983333333333333,612,Human,0,92,2,1119,-5.983333333333333,"-5.8865659051836445,-6.0833537571207845,-6.015247657751078,-5.9911232449394705"
4.933333333333334,613,Human,1,4,3,1121,-4.933333333333334,"-5.018562711759651,-4.921730449184114,-5.1052412563219844,-5.005679369018197"
4.883333333333334,614,Human,1,4,3,1123,-4.883333333333334,"-5.085650129738901,-4.887205396704805,-4.945903127724255,-4.944593430838313"
5.633333333333334,615,Human,2,0,2,1124,-5.633333333333334,"-5.88927342781801,-5.858250750592418,-5.644356075397884,-5.869747043503251"
3.8833333333333333,616,Human,3,4,84,1124,-3.8833333333333333,"-4.082476538887561,-3.9457600304942755,-4.503163861024856,-3.8798304338639205"
2.466666666666667,618,Human,0,0,3,1128,-2.466666666666667,"-2.465756779884494,-2.597966331489633,-2.6155573679041986,-2.478140809047985"
7.183333333333334,619,Human,1,17,20,1131,-7.183333333333334,"-7.5120219987874055,-7.1913530273212825,-7.492891005860352,-7.648036865516969"
4.666666666666667,620,Human,1,11,3,1132,-4.666666666666667,"-4.711776886410118,-4.31667667978651,-4.739211679935403,-4.689532997711135"
8.183333333333334,621,Human,2,17,86,1133,-8.183333333333334,"-8.755405019388984,-8.80992262019542,-8.419728657782755,-8.871553674949075"
5.483333333333333,623,Human,0,4,2,1140,-5.483333333333333,"-5.481932462508224,-5.519909170702641,-5.577808719409118,-5.516285653726082"
3.066666666666667,626,Human,1,11,3,1144,-3.066666666666667,"-4.442795574349143,-3.9409294769743894,-4.422948005707168,-4.431287536377801"
4.35,627,Human,1,94,3,1152,-4.35,"-4.34861799777127,-3.815766355458193,-4.333901092084419,-4.345346561805702"
4.45,628,Human,1,4,3,1152,-4.45,"-4.713351995506958,-4.453103875586741,-4.694334328753874,-4.54926550235153"
4.383333333333334,629,Human,1,4,3,1155,-4.383333333333334,"-5.418711635032896,-4.390795367984238,-5.340798637593698,-5.346867144450551"
5.516666666666667,630,Human,0,16,9,1157,-5.516666666666667,"-5.477246472349765,-5.605162349972122,-5.555310238709819,-5.545224453186518"
4.383333333333334,632,Human,1,4,3,1158,-4.383333333333334,"-5.814249408312578,-4.598209081651575,-5.7863104505077185,-6.093412917232932"
3.3666666666666667,635,Human,0,95,1,1163,-3.3666666666666667,"-3.357986906537744,-3.7827233012396624,-3.710505179557785,-3.6719009417518205"
1.9166666666666667,637,Human,3,0,3,1164,-1.9166666666666667,"-2.00406174930466,-2.2557912476953743,-2.277780043213581,-1.908762711941922"
7.366666666666666,638,Human,0,96,3,1167,-7.366666666666666,"-7.371499394460675,-7.450139965429045,-7.511319881391737,-7.448584028136269"
2.5833333333333335,639,Human,1,51,3,1167,-2.5833333333333335,"-2.6410457682898647,-2.5882563925938435,-2.660640011191806,-2.6121008346036527"
5.533333333333333,642,Human,1,4,3,1173,-5.533333333333333,"-5.759933328840292,-5.533129822064975,-5.6617714630031,-5.605278001881224"
4.383333333333334,643,Human,3,11,4,1173,-4.383333333333334,"-4.427707116288815,-4.4275020099099365,-4.789311212501158,-4.386310157343878"
5.483333333333333,645,Human,1,4,3,1176,-5.483333333333333,"-5.591617063072233,-5.472091280170817,-5.586469629655317,-5.545967395337318"
5.15,646,Human,0,4,76,1177,-5.15,"-5.181968936113813,-5.450526487766417,-5.363088580340102,-6.009187456788984"
4.9,647,Human,0,11,2,1179,-4.9,"-4.900252457659656,-5.053775861386629,-4.943037239903906,-5.175057616820828"
3.0833333333333335,648,Human,3,0,3,1182,-3.0833333333333335,"-3.1183362831802883,-3.1426614234682826,-3.167484137318546,-3.0811684879387977"
8.133333333333333,652,Human,2,17,3,1198,-8.133333333333333,"-8.384232937650468,-8.276688362211996,-8.115598898202029,-8.262299244950835"
6.2,655,Human,0,64,20,1208,-6.2,"-6.190086488107738,-6.250258795269523,-6.257726714220627,-6.282549818324306"
4.85,656,Human,1,4,3,1211,-4.85,"-5.4347633037911205,-4.858693928733207,-5.469516987756922,-5.301935775322379"
2.95,657,Human,0,7,9,1212,-2.95,"-2.950477513820135,-2.9919593107751385,-2.988227602078989,-2.9977955747540204"
4.4,658,Human,0,11,65,1212,-4.4,"-4.433068510721526,-4.538593751490532,-4.495120234235742,-4.732285849267066"
3.05,660,Human,0,7,9,1215,-3.05,"-3.0577308151519866,-3.100284644108472,-3.35368062824842,-3.1853884598032165"
3.6166666666666667,661,Human,1,7,1,1217,-3.6166666666666667,"-3.648021627024149,-3.6171165808310484,-3.8734352862500083,-3.7899383556946287"
4.083333333333333,662,Human,0,7,10,1218,-4.083333333333333,"-4.089032414571726,-4.349495638184092,-4.350448685102267,-4.402087168303606"
3.0833333333333335,663,Human,0,7,9,1220,-3.0833333333333335,"-3.0709604238185264,-3.172359310775138,-3.3070139615817533,-3.168812459803217"
2.95,668,Human,3,8,89,1225,-2.95,"-3.012041082991812,-3.04676923120004,-3.049436165762029,-2.955771205372063"
4.633333333333334,670,Human,1,4,3,1229,-4.633333333333334,"-5.749821565699562,-4.62695009620634,-5.715110978390921,-5.719304627379126"
3.1666666666666665,672,Human,1,7,90,1231,-3.1666666666666665,"-3.270846473209938,-3.182799498578676,-3.261126638091378,-3.3020883786199864"
5.15,674,Human,3,7,4,1233,-5.15,"-5.180259252321052,-5.173722595337864,-5.1854874136361175,-5.158982743903079"
6.133333333333334,677,Human,1,4,3,1237,-6.133333333333334,"-6.588125010457788,-6.131322011956015,-6.6094686696553175,-6.578278535214558"
2.0833333333333335,682,Human,0,49,3,1244,-2.0833333333333335,"-2.076243033304035,-2.1112238992228964,-2.111595777203461,-2.1515773335972264"
4.266666666666667,685,Human,3,16,9,1244,-4.266666666666667,"-4.485423154792803,-4.595027505164773,-4.300652447418269,-4.271982855914536"
5.2,686,Human,0,24,10,1245,-5.2,"-5.174448888811868,-5.194857244381376,-5.211735417275761,-5.238495968396544"
5.15,688,Human,0,7,10,1246,-5.15,"-5.12910790111405,-5.209708998429645,-5.414294189711167,-5.3512377346428845"
3.933333333333333,689,Human,0,7,9,1247,-3.933333333333333,"-3.9482103951281853,-4.040638492229423,-4.139451169265403,-4.006088901175907"
5.05,691,Human,1,0,2,1258,-5.05,"-5.388747027627118,-5.049366825608468,-5.1809829410252,-5.332881261036129"
5.05,693,Human,1,0,2,1259,-5.05,"-5.352078168213715,-5.047574233255441,-5.266138846607214,-5.2011098805802085"
6.466666666666667,695,Human,0,11,2,1263,-6.466666666666667,"-5.782434021444939,-6.454011786254407,-6.426217263115665,-6.428500506446188"
5.55,696,Human,1,4,3,1265,-5.55,"-5.884094385727722,-5.568037945825496,-5.661511122988651,-5.643089558838313"
3.1166666666666667,697,Human,3,0,3,1269,-3.1166666666666667,"-3.1199252053960764,-3.128528731767314,-3.1226077722563437,-3.1161633667695767"
5.366666666666666,699,Human,1,4,3,1275,-5.366666666666666,"-5.603949328840291,-5.4025943536669585,-5.509395837069148,-5.5162284601716465"
3.033333333333333,700,Human,0,0,3,1278,-3.033333333333333,"-3.0339236648005894,-3.2169054283893592,-3.0751125609900254,-3.0425429105561306"
5.2,701,Human,1,11,3,1283,-5.2,"-5.250770856150668,-5.2161166568638455,-5.3920489903134765,-5.3464708726931995"
4.533333333333333,703,Human,0,4,20,1286,-4.533333333333333,"-4.661204493782318,-5.141463673226282,-5.218406663954035,-5.193175213053156"
5.85,704,Human,3,101,22,1287,-5.85,"-5.879684065113869,-5.887821590692239,-5.880131178976082,-5.848640085104003"
3.783333333333333,705,Human,1,1,1,1290,-3.783333333333333,"-3.8152410622538384,-3.7910388306102325,-3.80497453757731,-3.8069736910098726"
4.116666666666666,709,Human,3,7,4,1298,-4.116666666666666,"-4.127995241634438,-4.130029554976204,-4.129373573148117,-4.115403988809453"
2.0833333333333335,710,Human,0,7,77,1300,-2.0833333333333335,"-2.0655624009521074,-2.0861510826911895,-2.1472195818572213,-2.489654113625292"
3.466666666666667,711,Human,1,11,3,1301,-3.466666666666667,"-4.930348342349141,-3.7315145726628685,-4.906913915040501,-4.90186445185698"
4.3,712,Human,0,4,20,1303,-4.3,"-4.408503688347499,-5.027554339892949,-4.905148329942543,-4.829629016316446"
2.9833333333333334,714,Human,0,7,9,1306,-2.9833333333333334,"-3.014082800808865,-3.0851558051355896,-3.060434118643858,-3.19051557475402"
3.533333333333333,717,Human,1,11,4,1309,-3.533333333333333,"-3.530836120804307,-3.524101561695731,-3.6507778791678245,-3.8155049907661183"
3.533333333333333,721,Human,1,8,95,1314,-3.533333333333333,"-3.7090310688422243,-3.536514532394912,-3.59222677860324,-3.7008111413319833"
5.6,723,Human,0,7,10,1315,-5.6,"-5.58995637317066,-6.123367412077049,-5.995309070472293,-6.145915136838113"
4.433333333333334,725,Human,0,7,10,1316,-4.433333333333334,"-4.9164546071802375,-5.476049876529311,-5.526324056377835,-5.453773641474448"
4.133333333333334,727,Human,0,7,9,1318,-4.133333333333334,"-4.133741583211936,-4.250440583826831,-4.185057912489244,-4.271522427607392"
4.583333333333333,728,Human,1,11,3,1318,-4.583333333333333,"-4.725990236855001,-4.612038448021089,-4.756539656980143,-4.736651983487892"
2.9166666666666665,729,Human,0,8,96,1320,-2.9166666666666665,"-2.9161034121899783,-3.042318778396888,-3.0390438634777164,-3.063090794964494"
4.116666666666666,732,Human,0,7,9,1323,-4.116666666666666,"-4.131316457473771,-4.38035219889609,-4.290384502598736,-4.386876027607393"
8.966666666666667,733,Human,0,17,3,1325,-8.966666666666667,"-8.724114081938023,-9.038650053196294,-8.998969171055316,-9.016450104600148"
4.45,735,Human,1,11,3,1328,-4.45,"-4.528363570188335,-4.436909700987353,-4.560567904558512,-4.720950990866499"
5.133333333333334,736,Human,0,7,10,1330,-5.133333333333334,"-4.824308574427601,-5.324122016288074,-5.338312612745696,-5.334149130327781"
4.3,737,Human,0,17,5,1331,-4.3,"-4.306041925294439,-4.366599862487833,-4.378584081350324,-4.399736892793114"
4.05,738,Human,0,7,9,1332,-4.05,"-4.013476215329522,-4.126193012450205,-4.087411617278221,-4.152397307607393"
3.8666666666666667,739,Human,0,7,9,1335,-3.8666666666666667,"-3.885588511741375,-4.008366326760164,-4.011520598663887,-4.052493520940725"
4.333333333333333,741,Human,1,11,3,1337,-4.333333333333333,"-4.442993218253868,-4.314991498942916,-4.549127904558512,-4.430232738583122"
5.1,742,Human,0,7,10,1337,-5.1,"-5.128261013310633,-5.599275931762977,-5.388194324332119,-5.622288321047642"
3.8833333333333333,745,Human,0,7,9,1339,-3.8833333333333333,"-3.8880565861012633,-4.007673585562756,-3.9741711692654027,-4.0658891476073915"
3.8833333333333333,746,Human,0,7,9,1340,-3.8833333333333333,"-3.886971835000932,-4.1323461152867775,-3.965481281663191,-4.03600179313655"
6.533333333333333,748,Human,2,17,5,1346,-6.533333333333333,"-6.553335693455492,-6.6096508344354215,-6.542500856859129,-6.553238048780007"
2.216666666666667,750,Human,0,73,5,1349,-2.216666666666667,"-2.2173881157132964,-2.479509713172526,-2.3653274434611857,-2.3871770208443355"
5.366666666666666,753,Human,0,17,5,1355,-5.366666666666666,"-5.36656984933974,-5.653782301008349,-5.596501578950534,-5.644254566244924"
3.033333333333333,754,Human,0,17,16,1359,-3.033333333333333,"-3.022198331307111,-3.1713454960573997,-3.0664221602824,-3.2257816940373014"
1.75,756,Human,0,104,5,1365,-1.75,"-1.7501593415435912,-2.061688966443309,-1.8281174500037598,-1.955458482889196"
1.9333333333333333,757,Human,0,10,5,1366,-1.9333333333333333,"-1.9482544569816465,-2.0584441615379054,-2.227499348191401,-2.1131106150163452"
4.566666666666666,759,Human,0,4,20,1376,-4.566666666666666,"-4.5900595213273965,-4.8938962581995185,-4.82453499660921,-4.781543213053156"
4.516666666666667,761,Human,1,16,4,1377,-4.516666666666667,"-5.1018960134984805,-4.50926389157765,-5.090390812341708,-5.117182837154829"
6.433333333333334,763,Human,3,0,0,1379,-6.433333333333334,"-6.62859967551011,-6.624034398803284,-6.507284909687552,-6.431392181210978"
4.533333333333333,765,Human,0,4,20,1380,-4.533333333333333,"-4.459586527382128,-4.629762924866186,-4.748966663954035,-4.682348546386489"
6.183333333333334,766,Human,1,8,10,1381,-6.183333333333334,"-6.641606405948279,-6.023651750287286,-6.494467288197425,-6.705961650970006"
3.8833333333333333,767,Human,0,0,98,1381,-3.8833333333333333,"-3.868980303979398,-4.073059302074182,-3.8830036289278183,-4.048906818756301"
4.833333333333333,769,Human,0,8,9,1382,-4.833333333333333,"-4.8246694620813955,-5.591204026028094,-5.59025671370809,-5.586825761871014"
6.283333333333333,770,Human,1,8,9,1382,-6.283333333333333,"-6.502845750674122,-6.283448819493792,-6.431036994751877,-6.582763017383399"
3.0166666666666666,771,Human,0,11,20,1383,-3.0166666666666666,"-3.0473962332244637,-3.544395625838528,-3.5509508943966352,-3.5763692587877487"
3.216666666666667,772,Human,0,7,9,1385,-3.216666666666667,"-3.232707478820874,-3.52843580513559,-3.4362139615817533,-3.3544017931365504"
4.633333333333334,773,Human,1,0,2,1385,-4.633333333333334,"-4.652600705466498,-4.627528674254099,-4.6839268915923515,-4.728443213913542"
2.6333333333333333,776,Human,0,0,3,1388,-2.6333333333333333,"-2.6362469204783547,-2.93170639852504,-2.945779227656692,-2.710513235228483"
3.15,777,Human,0,7,9,1388,-3.15,"-3.1105327520067885,-3.623849138468923,-3.7305178359320696,-3.70411557475402"
2.65,779,Human,0,0,3,1390,-2.65,"-2.6461657191628944,-2.891765118820032,-2.9331125609900255,-2.6894377961235816"
5.566666666666666,786,Human,1,8,10,1403,-5.566666666666666,"-6.500404229377938,-5.579450029809643,-6.609033603192634,-6.4584450541093394"
4.016666666666667,787,Human,0,7,10,1403,-4.016666666666667,"-4.064958307263253,-4.63316291470372,-4.596605070472292,-4.662811067976218"
4.616666666666666,788,Human,1,8,99,1404,-4.616666666666666,"-4.649342222388603,-4.6327241446199725,-4.654909719026521,-4.807539479693736"
5.433333333333334,790,Human,0,7,10,1405,-5.433333333333334,"-5.421365499633302,-5.588697214994973,-5.642075769415148,-5.570668659111721"
3.4833333333333334,793,Human,1,105,1,1409,-3.4833333333333334,"-3.5032170368303746,-3.4854564767789435,-3.565010534270543,-3.529615531865455"
4.25,794,Human,0,7,10,1410,-4.25,"-4.368376015775548,-5.539474505410381,-5.554114391768935,-5.426882572938084"
0.8833333333333333,796,Human,0,8,2,1412,-0.8833333333333333,"-0.8832932196185769,-2.4302132948211685,-1.2176273821263566,-1.7584710486066275"
4.166666666666667,797,Human,0,7,9,1412,-4.166666666666667,"-4.1686226522519885,-4.3045418522294225,-4.258371948329858,-4.244101701175907"
4.15,798,Human,0,7,9,1414,-4.15,"-4.180452071147686,-4.311249977441805,-4.319544214996524,-4.257532101175907"
3.716666666666667,799,Human,0,11,20,1414,-3.716666666666667,"-3.725312772261532,-3.9454622925051956,-3.8886273821839756,-3.798194906818019"
4.15,801,Human,0,7,9,1415,-4.15,"-4.169421626731449,-4.5373071819534445,-4.242651169265403,-4.224782241420687"
5.466666666666667,803,Human,2,11,2,1417,-5.466666666666667,"-5.536723768523505,-5.664462822442637,-5.471779044564275,-5.534401079731029"
1.45,806,Human,0,107,20,1419,-1.45,"-1.4550801705375593,-1.6959059937870036,-1.7797067365463106,-1.5538682715706875"
3.9,807,Human,0,4,20,1420,-3.9,"-3.8671455374068424,-3.991171236770081,-4.2071687457615115,-3.9951362703955557"
5.166666666666667,811,Human,0,7,10,1424,-5.166666666666667,"-5.132506311736221,-5.434285594758859,-5.523707857119027,-5.469938613966532"
4.05,813,Human,0,7,9,1426,-4.05,"-4.049888068757891,-4.111449138468923,-4.16611783593207,-4.228677801775859"
3.55,814,Human,0,11,20,1426,-3.55,"-3.4697857688635843,-3.659195625838529,-3.6191607155173084,-3.698555925454415"
3.1166666666666667,815,Human,0,108,4,1428,-3.1166666666666667,"-3.1099405034200993,-3.114024810909829,-3.1814313054235366,-3.4115937602696085"
4.05,816,Human,0,7,9,1428,-4.05,"-4.059160243952528,-4.199822471802256,-4.178384502598736,-4.2442778017758584"
3.4833333333333334,818,Human,0,4,20,1431,-3.4833333333333334,"-3.543330120619136,-3.6371712367700813,-3.6537942655352227,-3.7342029370622223"
6.766666666666667,821,Human,1,1,10,1435,-6.766666666666667,"-7.058747496001805,-6.806907061638393,-7.086932763877945,-7.050839798712161"
4.666666666666667,823,Human,3,1,1,1436,-4.666666666666667,"-5.126387322462415,-5.007463286897797,-5.048306032717183,-4.654097450749999"
3.716666666666667,824,Human,0,11,20,1437,-3.716666666666667,"-3.71796056792508,-4.076395625838528,-4.105027382183975,-4.07019490681802"
5.416666666666667,825,Human,0,17,5,1442,-5.416666666666667,"-5.4222732778890546,-5.680628958497459,-5.628863581688167,-5.727390350363782"
5.016666666666667,827,Human,0,11,20,1444,-5.016666666666667,"-5.029034130546849,-5.222476500670823,-5.156395239080514,-5.182529258787749"
4.566666666666666,828,Human,3,1,1,1444,-4.566666666666666,"-4.986223579701738,-4.944792214755578,-4.943770684853785,-4.554055692244928"
4.65,829,Human,3,1,1,1446,-4.65,"-5.1556894273193,-5.198091127152218,-5.147598112040414,-4.623463333109945"
3.5833333333333335,830,Human,0,11,20,1447,-3.5833333333333335,"-3.5743522822450324,-3.727661198964827,-3.6769508943966356,-3.6239103001891904"
3.566666666666667,831,Human,0,11,20,1450,-3.566666666666667,"-3.564607721652488,-4.20602316733749,-4.31882190574718,-4.168938192290827"
6.316666666666666,832,Human,2,11,2,1453,-6.316666666666666,"-6.326490223739269,-6.379788811849586,-6.305389667167051,-6.621942446687496"
5.0,833,Human,0,4,20,1454,-5.0,"-5.0012188528170105,-5.259149591532853,-5.245201663275877,-5.217815682983112"
4.85,834,Human,0,4,20,1455,-4.85,"-4.8318020202043295,-5.024279673226282,-5.05181499660921,-5.101379637109192"
4.533333333333333,835,Human,0,11,20,1456,-4.533333333333333,"-4.538834407898424,-4.66330316733749,-4.815356191264411,-4.784823407030199"
4.883333333333334,836,Human,0,4,20,1457,-4.883333333333334,"-4.868969918466187,-5.147469591532853,-5.147761663275877,-5.292017879719823"
4.016666666666667,837,Human,1,11,4,1458,-4.016666666666667,"-4.038664922071741,-4.020640767853522,-4.215075636667593,-4.324705363608993"
6.383333333333334,838,Human,2,1,10,1463,-6.383333333333334,"-6.970827654781739,-6.891183310653732,-6.408473811467653,-6.972830210844274"
6.383333333333334,839,Human,3,8,9,1464,-6.383333333333334,"-6.466921544351892,-6.411527708010291,-6.508536253494536,-6.382269477965959"
4.466666666666667,840,Human,0,11,20,1465,-4.466666666666667,"-4.464448182775345,-4.742685200536659,-4.62498190574718,-4.750352592290827"
6.916666666666667,841,Human,2,8,10,1466,-6.916666666666667,"-7.385394375295224,-7.380438910403443,-6.860905760399327,-7.582650920776006"
5.983333333333333,842,Human,1,8,10,1467,-5.983333333333333,"-7.000002861103084,-6.132523321240111,-7.067239908908293,-6.9002773232874715"
4.383333333333334,844,Human,0,11,20,1469,-4.383333333333334,"-4.373288704188607,-4.5540498340041555,-4.46506190574718,-4.645292740363533"
4.966666666666667,845,Human,0,8,9,1470,-4.966666666666667,"-5.019811557866828,-5.738147980289144,-5.775471504299805,-5.733908635096812"
4.333333333333333,846,Human,0,11,20,1470,-4.333333333333333,"-4.350096422987942,-4.476209834004156,-4.574588191264412,-4.499340740363532"
4.283333333333333,851,Human,2,1,1,1476,-4.283333333333333,"-5.101888941863336,-5.117138880983503,-4.681749643799371,-5.117140001477001"
4.483333333333333,852,Human,1,0,2,1478,-4.483333333333333,"-4.639000705466497,-4.475847122636259,-4.596261513273881,-4.789687904464167"
2.6666666666666665,853,Human,0,0,3,1480,-2.6666666666666665,"-2.6607238077745965,-2.93370639852504,-2.9431125609900253,-2.6765575580920355"
4.85,856,Human,0,8,9,1487,-4.85,"-5.274149252981323,-5.724988016788041,-5.793825096773178,-5.741598938195701"
2.6666666666666665,858,Human,0,0,101,1488,-2.6666666666666665,"-2.6669836478857856,-2.7933874309091955,-2.7556491757250057,-2.7084793175123694"
2.55,862,Human,0,0,102,1492,-2.55,"-2.517333458097804,-2.6606179482462693,-2.66859456593303,-2.685123475651066"
4.3,863,Human,1,0,2,1492,-4.3,"-4.763973897706531,-4.299787809521402,-4.860384179940548,-4.682443213913542"
1.5166666666666666,865,Human,0,0,12,1497,-1.5166666666666666,"-1.5485634507769959,-1.5967342820699386,-1.7353931820616333,-1.713404386543426"
4.633333333333334,866,Human,0,8,9,1498,-4.633333333333334,"-5.067464576278265,-5.6274399814029525,-5.726731202751877,-5.623583682676038"
4.266666666666667,867,Human,1,110,10,1500,-4.266666666666667,"-4.945545795455913,-4.251984837712081,-4.907635623387085,-4.960613173921726"
5.366666666666666,870,Human,0,7,10,1503,-5.366666666666666,"-5.25437147253408,-5.484488714216235,-5.465264121415148,-5.569374459974226"
5.433333333333334,871,Human,1,16,10,1503,-5.433333333333334,"-6.270737177984446,-5.454229689322018,-6.33014044242669,-6.3311827085160015"
4.35,873,Human,0,17,5,1506,-4.35,"-4.497982253227853,-5.304046412756535,-5.30485495080246,-5.303679168632803"
3.6333333333333333,874,Human,0,11,20,1517,-3.6333333333333333,"-3.6393780749527522,-3.892795625838528,-3.8842842277299683,-3.8925949068180192"
1.5666666666666667,875,Human,0,37,81,1517,-1.5666666666666667,"-1.5702469046031817,-1.5836839582485263,-1.6872521672404068,-1.6552114438287913"
4.816666666666666,876,Human,3,1,1,1518,-4.816666666666666,"-4.862938954548975,-4.853243977332232,-4.854631635903928,-4.334684717759978"
7.0,880,Human,2,1,10,1521,-7.0,"-7.92286420417824,-7.891512822356388,-6.936181336947206,-7.97251336135313"
4.833333333333333,882,Human,3,1,1,1523,-4.833333333333333,"-4.88232842039499,-5.017275243142313,-5.0441197673225755,-4.811290479576995"
5.116666666666666,883,Human,0,11,20,1526,-5.116666666666666,"-5.120606801692442,-5.205969834004157,-5.21634190574718,-5.419682073696866"
5.1,884,Human,0,11,2,1528,-5.1,"-5.09662244087041,-5.182173728053296,-5.146509794300918,-5.3948297911865115"
5.0,886,Human,0,4,20,1535,-5.0,"-4.999176233125876,-5.098909591532852,-5.061868329942543,-5.250449879719824"
5.483333333333333,887,Human,1,4,3,1536,-5.483333333333333,"-5.556797226901055,-5.453498189511026,-5.529668507512738,-5.516478479447883"
5.45,888,Human,1,4,3,1538,-5.45,"-5.546123090457788,-5.465367297516343,-5.528784796336433,-5.542457942537318"
5.3,889,Human,2,11,5,1539,-5.3,"-6.296868207267099,-6.284145202100465,-5.318876777644844,-6.31967466267185"
5.466666666666667,890,Human,1,4,3,1539,-5.466666666666667,"-5.657449596405567,-5.447828967242201,-5.550254636579405,-5.542998629651107"
5.433333333333334,891,Human,1,4,3,1543,-5.433333333333334,"-5.484200829699565,-5.399109341960637,-5.481846909655319,-5.496299372171647"
3.8833333333333333,892,Human,1,77,3,1545,-3.8833333333333333,"-3.4818035137453114,-3.0017601517808092,-3.710243143477694,-3.433102026762038"
5.3,895,Human,1,4,3,1548,-5.3,"-5.422573328840292,-5.315319551927834,-5.491104796336433,-5.435391369018197"
4.483333333333333,896,Human,3,1,1,1548,-4.483333333333333,"-4.728639203957781,-4.840591984071129,-4.8344851972473615,-4.454534830559526"
6.216666666666667,898,Human,1,4,2,1549,-6.216666666666667,"-6.4731036723928055,-6.212238652613515,-6.279643327828029,-6.277158316560824"
6.0,900,Human,0,68,10,1555,-6.0,"-6.012038258182323,-6.0558965243735186,-6.060156967060654,-6.245813715327637"
3.9166666666666665,902,Human,1,111,3,1558,-3.9166666666666665,"-4.878980447956957,-3.7901398711583365,-4.852548372713729,-4.805372639376385"
5.166666666666667,903,Human,1,4,3,1558,-5.166666666666667,"-6.1276962043048435,-5.232405616761293,-6.131832235919055,-6.1025225706175075"
7.333333333333333,904,Human,2,4,2,1559,-7.333333333333333,"-7.200266039855086,-7.201043037120798,-7.135724601224225,-7.1956855887014495"
3.65,905,Human,0,112,10,1561,-3.65,"-3.6503665322120624,-3.8103151403285,-3.6722294890049296,-3.8297844534676755"
6.5,906,Human,1,4,3,1562,-6.5,"-6.80375863971504,-6.102570686111489,-6.800780015566605,-6.5680382562816595"
2.033333333333333,907,Human,1,47,3,1563,-2.033333333333333,"-2.074441022935786,-2.0160862176089984,-2.0837385317677053,-2.214101450515412"
5.133333333333334,911,Human,1,1,1,1578,-5.133333333333334,"-5.14072759341423,-5.131260159127484,-5.13075209660837,-5.131142526068496"
6.25,914,Human,1,4,3,1582,-6.25,"-6.290353520874389,-5.821533626550562,-6.277369494010191,-6.2578263496041755"
2.85,915,Human,0,113,10,1583,-2.85,"-2.8139606995535207,-3.4218221044524633,-3.511413600387429,-3.5098271588213477"
3.4166666666666665,916,Human,1,114,3,1584,-3.4166666666666665,"-3.45258344341039,-2.8255657249490387,-3.9852170978248758,-3.383789070007016"
5.55,917,Human,0,4,2,1585,-5.55,"-6.141057805239152,-6.816312387206493,-6.799859996780798,-6.800111236497326"
2.566666666666667,920,Human,1,4,90,1589,-2.566666666666667,"-2.700683430311651,-2.5664144838505845,-2.8814896130241756,-2.7524270457841546"
4.116666666666666,922,Human,1,0,2,1591,-4.116666666666666,"-4.225584215166455,-4.119456487958347,-4.255260224925684,-4.3644432139135425"
4.016666666666667,925,Human,1,0,2,1594,-4.016666666666667,"-4.173584215166454,-4.033916717053959,-4.2294202249256845,-4.325776547246876"
4.25,926,Human,3,16,9,1594,-4.25,"-4.646820488126136,-4.460255476819958,-4.532786156104942,-4.193458803154728"
4.266666666666667,929,Human,2,17,5,1599,-4.266666666666667,"-4.319912974684424,-4.318442977003788,-4.25990455344101,-4.320291168963862"
5.6,930,Human,3,16,9,1601,-5.6,"-5.5927788411004125,-5.636483833582158,-5.829852093441446,-4.900458738603324"
4.833333333333333,931,Human,1,16,103,1602,-4.833333333333333,"-4.939495454556066,-4.8538908207203315,-5.044850118968425,-4.9381212097108715"
4.766666666666667,933,Human,1,16,4,1604,-4.766666666666667,"-5.185754976873101,-4.761672884211401,-4.98009107904536,-5.161970978818022"
4.316666666666666,934,Human,1,11,3,1604,-4.316666666666666,"-4.714390236855001,-4.320836786793656,-4.770647904558512,-4.685884256562236"
5.8,937,Human,1,4,3,1607,-5.8,"-6.068345596405567,-5.174544835153581,-5.9675474630031005,-5.910069863363189"
4.383333333333334,940,Human,1,11,3,1609,-4.383333333333334,"-4.718176903521668,-4.400451193901575,-4.738621237891845,-4.678630923228902"
4.316666666666666,942,Human,1,11,3,1613,-4.316666666666666,"-4.750717522817335,-4.310752240672667,-4.740624990313476,-4.67529940524979"
4.266666666666667,943,Human,1,11,3,1614,-4.266666666666667,"-4.635910236855002,-4.284698115318716,-4.381943214031473,-4.625644256562237"
4.8,944,Human,2,1,1,1615,-4.8,"-4.999332263047862,-5.0726479236391935,-4.802475098111335,-4.8289126620698655"
4.216666666666667,947,Human,1,11,3,1618,-4.216666666666667,"-4.649936903521668,-4.238150422652042,-4.641874571225179,-4.605004256562236"
5.616666666666666,948,Human,1,4,3,1618,-5.616666666666666,"-5.764687996405567,-5.626515942472801,-5.7177190370691475,-5.714547990838313"
4.983333333333333,950,Human,3,1,1,1621,-4.983333333333333,"-5.919830028312574,-5.920907094446103,-5.89782390532286,-5.273317093125539"
5.05,951,Human,1,0,2,1621,-5.05,"-5.355739081734028,-5.040018392246143,-5.156710543952438,-5.336150323571334"
1.7166666666666666,954,Human,3,0,3,1622,-1.7166666666666666,"-2.4058795195549827,-2.2557912476953743,-2.277780043213581,-1.7170347533289188"
2.9833333333333334,955,Human,1,119,1,1624,-2.9833333333333334,"-3.055877160224292,-2.9908008670866906,-3.05494932025346,-3.056187035295706"
5.816666666666666,957,Human,0,1,1,1631,-5.816666666666666,"-5.827433191025525,-5.929113050210786,-5.918113624174368,-5.929503878986458"
2.6333333333333333,958,Human,0,4,4,1632,-2.6333333333333333,"-2.625824159342888,-2.9869089230526757,-2.927249691328836,-2.6794311948389447"
5.016666666666667,960,Human,3,21,10,1642,-5.016666666666667,"-5.567435150253514,-5.58598704603435,-5.592948451753718,-4.95745266076653"
4.716666666666667,961,Human,0,21,9,1644,-4.716666666666667,"-4.717452786534798,-4.825261754819898,-5.0300780453514,-4.89587568968429"
5.833333333333333,964,Human,3,21,10,1650,-5.833333333333333,"-5.6652090288092,-5.655240374042006,-5.676312764692146,-5.152177249300449"
5.983333333333333,966,Human,3,4,2,1654,-5.983333333333333,"-5.994744800191696,-5.9936734937587595,-6.031253609811535,-5.977612350614116"
5.9,968,Human,3,17,5,1654,-5.9,"-5.90988850070932,-5.907087483202004,-5.906927265022954,-5.900313656263993"
5.15,970,Human,1,4,3,1657,-5.15,"-5.445911995506958,-5.141813366777965,-5.469664796336434,-5.428248544606079"
2.5166666666666666,973,Human,0,17,16,1665,-2.5166666666666666,"-2.5151180927601495,-2.7136625066505515,-2.5883610336863327,-2.606084037833271"
4.716666666666667,976,Human,1,4,3,1673,-4.716666666666667,"-5.098779697359651,-4.704119298957012,-5.0119498443035235,-5.160092752188159"
4.566666666666666,979,Human,0,17,5,1679,-4.566666666666666,"-4.756119426732905,-5.307959274145934,-5.336502861841836,-5.313191736642792"
4.216666666666667,980,Human,0,122,106,1681,-4.216666666666667,"-4.220895730071676,-4.3253619445696145,-4.795643549954853,-4.741277278219611"
3.716666666666667,983,Human,2,16,71,1682,-3.716666666666667,"-3.7482455303449576,-3.7734352874626937,-3.72012096064028,-3.816422821171288"
2.183333333333333,984,Human,1,123,2,1684,-2.183333333333333,"-2.53017704908116,-2.1912815583275376,-2.6200597491696462,-2.5812138716393687"
4.416666666666667,986,Human,1,11,3,1688,-4.416666666666667,"-4.734787638349143,-4.420183457592669,-4.499580709707168,-4.469233453135135"
4.75,992,Human,2,1,1,1697,-4.75,"-4.815651479184824,-4.807938825175435,-4.722435153717125,-4.804306141929086"
5.366666666666666,993,Human,3,21,10,1699,-5.366666666666666,"-5.541862560841682,-5.5740480295064465,-5.449333479297903,-5.375356527099178"
5.083333333333333,994,Human,0,21,10,1701,-5.083333333333333,"-5.0606949566129975,-5.502220605550793,-5.511414371753717,-5.33855938161047"
5.516666666666667,995,Human,0,16,10,1702,-5.516666666666667,"-5.891342265037952,-6.40681171170127,-6.40364721775391,-6.507137857316002"
5.166666666666667,996,Human,3,21,9,1703,-5.166666666666667,"-5.186698687806081,-5.279318324191539,-5.1762410952881925,-5.160638321563753"
1.8333333333333333,998,Human,3,0,3,1709,-1.8333333333333333,"-1.9453950826379938,-2.2557912476953743,-2.277780043213581,-1.834564840142991"
3.65,999,Human,0,40,9,1710,-3.65,"-3.6689023785878265,-3.7416711404718503,-3.739717637897769,-3.711508219146912"
4.966666666666667,1000,Human,1,0,2,1710,-4.966666666666667,"-5.241467231039865,-5.019797707647306,-5.181108410619105,-5.090146196694523"
3.6333333333333333,1001,Human,2,126,108,1712,-3.6333333333333333,"-3.785324913781208,-3.7439630242974085,-3.6282671925008008,-3.7770969879096357"
2.7,1002,Human,0,45,4,1714,-2.7,"-2.6948700212859062,-2.718996404135988,-3.0112912650040573,-2.9663207866554413"
2.066666666666667,1003,Human,0,123,2,1717,-2.066666666666667,"-2.05870225582134,-2.164254292530548,-2.389676691410906,-2.4975173395492107"
3.3833333333333333,1005,Human,0,127,10,1727,-3.3833333333333333,"-3.367810103382495,-3.4532335016674716,-3.6021330322208613,-3.5662718667939886"
5.333333333333333,1006,Human,1,4,3,1727,-5.333333333333333,"-5.402451197699563,-5.340259504676439,-5.390463213057587,-5.385360197470651"
2.8666666666666667,1009,Human,2,128,9,1743,-2.8666666666666667,"-3.4323931697312817,-3.428692867017314,-2.8766496692897294,-3.6035453867962026"
4.866666666666666,1010,Human,0,17,5,1744,-4.866666666666666,"-4.865629056937952,-4.883583655463558,-4.884031093414096,-4.88517502185959"
4.933333333333334,1012,Human,1,4,3,1748,-4.933333333333334,"-4.959921490457788,-4.918782337427801,-4.963756306979404,-4.942558674883188"
4.883333333333334,1015,Human,1,4,3,1753,-4.883333333333334,"-4.92906666379112,-4.883242598730369,-4.966500562988651,-4.932380935214558"
7.783333333333333,1018,Human,0,130,3,1756,-7.783333333333333,"-7.7825259724289415,-7.78517625231045,-7.78609488334091,-7.789281477647683"
4.516666666666667,1020,Human,2,17,5,1760,-4.516666666666667,"-4.541083118034714,-4.541033305352654,-4.522452851803556,-4.540586850435154"
4.633333333333334,1022,Human,1,11,3,1768,-4.633333333333334,"-4.697950294145981,-4.633577734251865,-4.7051280590405,-4.666027600656982"
2.3666666666666667,1024,Human,3,16,109,1776,-2.3666666666666667,"-2.5313153532378,-2.525870053126072,-2.536153930915419,-2.3823376426004215"
3.7,1025,Human,0,4,20,1776,-3.7,"-3.699687320661517,-4.180376258199519,-4.09133499660921,-4.047789016316445"
5.216666666666667,1026,Human,0,4,20,1777,-5.216666666666667,"-4.604506909736537,-5.072796538581025,-5.165193384930583,-5.0266510163540215"
3.1,1027,Human,1,11,3,1778,-3.1,"-3.3489392646907574,-3.0763519207877392,-3.3782446052575095,-3.2551385219314506"
4.283333333333333,1029,Human,1,11,3,1786,-4.283333333333333,"-4.3707346890158085,-4.297155872912452,-4.352950393800625,-4.353076400207135"
2.533333333333333,1030,Human,0,131,5,1790,-2.533333333333333,"-2.529610335857521,-3.081381320436295,-3.1384002248824663,-3.0984391916445504"
3.0833333333333335,1032,Human,1,13,2,1791,-3.0833333333333335,"-3.3091822071953336,-3.0792821744756944,-3.3202350358718,-3.207299990487196"
2.25,1034,Human,0,43,9,1798,-2.25,"-2.2719263788617168,-2.5046984397145473,-2.68720608167241,-2.4616372593849327"
