travel_time,id,kind,action,origin,destination,start_time,reward,cost_table
4.4,318,AV,1,11,20,573,4.09825,"0,0,0,0"
4.833333333333333,273,AV,0,16,9,481,4.09825,"0,0,0,0"
4.566666666666666,13,AV,0,6,5,31,4.09825,"0,0,0,0"
6.55,467,AV,1,7,66,873,4.09825,"0,0,0,0"
5.533333333333333,202,AV,1,4,20,354,4.09825,"0,0,0,0"
3.75,306,AV,0,11,20,546,4.09825,"0,0,0,0"
6.816666666666666,291,AV,0,16,10,517,4.09825,"0,0,0,0"
4.766666666666667,345,AV,2,7,10,667,4.09825,"0,0,0,0"
4.283333333333333,14,AV,2,1,1,33,4.09825,"0,0,0,0"
4.55,44,AV,0,4,3,93,4.09825,"0,0,0,0"
3.15,337,AV,3,54,1,622,4.09825,"0,0,0,0"
5.216666666666667,223,AV,1,11,3,384,4.09825,"0,0,0,0"
2.4166666666666665,72,AV,3,8,15,150,4.09825,"0,0,0,0"
6.233333333333333,455,AV,2,4,3,859,4.09825,"0,0,0,0"
4.1,242,AV,0,42,20,418,4.09825,"0,0,0,0"
7.166666666666667,97,AV,2,4,3,191,4.09825,"0,0,0,0"
4.816666666666666,27,AV,0,11,3,73,4.09825,"0,0,0,0"
1.3833333333333333,139,AV,0,29,3,264,4.09825,"0,0,0,0"
5.716666666666667,201,AV,2,11,3,353,4.09825,"0,0,0,0"
4.033333333333333,174,AV,3,8,32,323,4.09825,"0,0,0,0"
6.55,114,AV,3,4,3,226,4.09825,"0,0,0,0"
5.35,245,AV,0,4,20,423,4.09825,"0,0,0,0"
11.583333333333334,176,AV,0,0,16,324,4.09825,"0,0,0,0"
4.366666666666666,182,AV,1,16,10,331,4.09825,"0,0,0,0"
4.216666666666667,411,AV,2,7,9,780,4.09825,"0,0,0,0"
7.15,475,AV,2,1,10,887,4.09825,"0,0,0,0"
3.7333333333333334,207,AV,3,4,38,362,4.09825,"0,0,0,0"
5.65,150,AV,3,11,3,283,4.09825,"0,0,0,0"
3.716666666666667,409,AV,2,11,60,779,4.09825,"0,0,0,0"
1.4833333333333334,451,AV,3,64,64,851,4.09825,"0,0,0,0"
5.2,231,AV,3,11,3,399,4.09825,"0,0,0,0"
4.483333333333333,136,AV,1,11,3,260,4.09825,"0,0,0,0"
5.65,457,AV,1,17,5,861,4.09825,"0,0,0,0"
5.65,45,AV,0,11,3,94,4.09825,"0,0,0,0"
5.033333333333333,261,AV,0,11,2,453,4.09825,"0,0,0,0"
3.1333333333333333,9,AV,2,5,2,25,4.09825,"0,0,0,0"
3.716666666666667,414,AV,1,7,4,782,4.09825,"0,0,0,0"
4.566666666666666,301,AV,1,4,20,533,4.09825,"0,0,0,0"
5.766666666666667,30,AV,3,4,3,77,4.09825,"0,0,0,0"
3.433333333333333,195,AV,0,1,1,346,4.09825,"0,0,0,0"
5.383333333333334,124,AV,1,7,10,236,4.09825,"0,0,0,0"
3.533333333333333,365,AV,0,7,4,688,4.09825,"0,0,0,0"
1.95,40,AV,3,0,3,88,4.09825,"0,0,0,0"
4.366666666666666,437,AV,2,1,1,815,4.09825,"0,0,0,0"
2.566666666666667,368,AV,1,47,2,693,4.09825,"0,0,0,0"
4.85,23,AV,3,7,9,61,4.09825,"0,0,0,0"
6.8,426,AV,1,8,16,798,4.09825,"0,0,0,0"
2.75,18,AV,3,9,8,56,4.09825,"0,0,0,0"
4.266666666666667,142,AV,1,4,3,267,4.09825,"0,0,0,0"
5.683333333333334,115,AV,2,7,10,226,4.09825,"0,0,0,0"
3.8833333333333333,479,AV,2,8,0,894,4.09825,"0,0,0,0"
5.6,11,AV,2,4,3,28,4.09825,"0,0,0,0"
3.9166666666666665,357,AV,2,0,3,680,4.09825,"0,0,0,0"
5.533333333333333,90,AV,1,11,3,181,4.09825,"0,0,0,0"
5.9,141,AV,0,11,3,267,4.09825,"0,0,0,0"
4.483333333333333,76,AV,1,4,3,155,4.09825,"0,0,0,0"
3.6333333333333333,278,AV,1,46,3,487,4.09825,"0,0,0,0"
3.283333333333333,388,AV,3,66,1,736,4.09825,"0,0,0,0"
5.783333333333333,69,AV,3,8,9,142,4.09825,"0,0,0,0"
5.183333333333334,330,AV,2,7,10,611,4.09825,"0,0,0,0"
3.6666666666666665,130,AV,2,17,22,245,4.09825,"0,0,0,0"
4.116666666666666,276,AV,2,16,44,483,4.09825,"0,0,0,0"
5.716666666666667,410,AV,0,0,5,780,4.09825,"0,0,0,0"
6.366666666666666,156,AV,3,8,9,292,4.09825,"0,0,0,0"
4.683333333333334,450,AV,0,17,5,851,4.09825,"0,0,0,0"
2.9,221,AV,3,37,41,383,4.09825,"0,0,0,0"
3.9,101,AV,1,25,10,197,4.09825,"0,0,0,0"
4.083333333333333,361,AV,0,7,10,684,4.09825,"0,0,0,0"
3.25,362,AV,2,59,10,686,4.09825,"0,0,0,0"
8.25,444,AV,1,1,10,822,4.09825,"0,0,0,0"
5.433333333333334,428,AV,3,0,5,802,4.09825,"0,0,0,0"
0.8166666666666667,70,AV,0,13,14,149,4.09825,"0,0,0,0"
3.5166666666666666,468,AV,2,21,39,874,4.09825,"0,0,0,0"
3.7,492,AV,2,0,52,901,4.09825,"0,0,0,0"
5.633333333333334,100,AV,3,11,3,195,4.09825,"0,0,0,0"
9.75,191,AV,0,17,36,340,4.09825,"0,0,0,0"
3.1666666666666665,66,AV,2,19,12,140,4.09825,"0,0,0,0"
3.966666666666667,350,AV,0,4,40,676,4.09825,"0,0,0,0"
4.066666666666666,17,AV,3,8,7,55,4.09825,"0,0,0,0"
5.616666666666666,194,AV,3,1,10,343,4.09825,"0,0,0,0"
7.583333333333333,351,AV,3,8,10,676,4.09825,"0,0,0,0"
6.2,413,AV,2,1,4,782,4.09825,"0,0,0,0"
5.75,235,AV,1,4,20,403,4.09825,"0,0,0,0"
4.533333333333333,249,AV,3,11,20,429,4.09825,"0,0,0,0"
6.0,440,AV,2,1,1,817,4.09825,"0,0,0,0"
4.666666666666667,125,AV,1,7,9,238,4.09825,"0,0,0,0"
3.3833333333333333,50,AV,3,16,5,106,4.09825,"0,0,0,0"
5.383333333333334,370,AV,3,7,10,694,4.09825,"0,0,0,0"
6.75,429,AV,0,0,5,803,4.09825,"0,0,0,0"
6.283333333333333,390,AV,0,4,5,741,4.09825,"0,0,0,0"
5.816666666666666,157,AV,3,4,29,292,4.09825,"0,0,0,0"
5.05,65,AV,3,7,9,139,4.09825,"0,0,0,0"
6.6,436,AV,0,1,10,814,4.09825,"0,0,0,0"
5.266666666666667,487,AV,1,0,5,898,4.09825,"0,0,0,0"
4.566666666666666,193,AV,3,11,4,342,4.09825,"0,0,0,0"
6.983333333333333,431,AV,3,0,5,804,4.09825,"0,0,0,0"
6.566666666666666,378,AV,1,7,10,711,4.09825,"0,0,0,0"
7.666666666666667,80,AV,2,11,3,164,4.09825,"0,0,0,0"
3.033333333333333,355,AV,0,7,55,680,4.09825,"0,0,0,0"
6.433333333333334,499,AV,3,0,2,907,4.09825,"0,0,0,0"
8.033333333333333,0,Human,0,0,0,5,-8.033333333333333,"-8.049537614313142,-8.07571131671672,-8.18923702938096,-8.254408872913476"
4.216666666666667,1,Human,1,1,1,5,-4.216666666666667,"-4.250251559771622,-4.233477098171392,-4.2411863511938215,-4.31794227967084"
0.6333333333333333,2,Human,0,2,2,11,-0.6333333333333333,"-0.6333333454168971,-1.310544909108352,-3.4010860355661343,-6.968603352067967"
3.15,3,Human,3,0,3,11,-3.15,"-3.143264878617532,-3.1980066741691897,-3.167161631226894,-3.13334195000016"
3.1,4,Human,0,3,3,11,-3.1,"-3.095313641235416,-3.135385823375291,-3.1215772036573752,-3.16017295732692"
5.383333333333334,5,Human,1,4,3,12,-5.383333333333334,"-5.464433215675511,-5.410493147331621,-5.461440042184152,-5.48342022490958"
2.55,6,Human,2,4,4,13,-2.55,"-2.549999996962055,-2.608908923052675,-2.543999997775241,-2.6460978615056114"
5.283333333333333,7,Human,1,4,3,15,-5.283333333333333,"-5.3048206488263165,-5.286667971494097,-5.317956853583523,-5.326263347629217"
5.383333333333334,8,Human,1,4,3,17,-5.383333333333334,"-5.663069328840291,-5.4074148086595395,-5.658790129669767,-5.59066454460608"
5.183333333333334,10,Human,1,4,3,26,-5.183333333333334,"-5.2477433150328965,-5.162571557338488,-5.24497877040248,-5.2438937690181975"
2.8833333333333333,12,Human,3,0,3,30,-2.8833333333333333,"-2.883332397824158,-2.9917063985250394,-3.002445894323359,-2.878648056157248"
4.983333333333333,15,Human,1,4,3,37,-4.983333333333333,"-5.139196661050365,-5.021804147694059,-5.02735637040248,-5.048707761881226"
0.85,16,Human,0,7,6,39,-0.85,"-0.8500091820011014,-1.050407967362611,-1.9828099562359145,-1.7689318636021725"
4.116666666666666,19,Human,0,8,9,57,-4.116666666666666,"-4.11993414158758,-4.209187727361427,-4.176942781835557,-4.158037162338768"
4.616666666666666,20,Human,1,4,3,57,-4.616666666666666,"-4.861917328840292,-4.634551186602996,-4.666200995420542,-4.655482035684864"
2.7666666666666666,21,Human,0,10,5,58,-2.7666666666666666,"-2.7833088344226993,-2.9592442633842597,-2.9483995828424963,-2.907190793610461"
3.25,22,Human,0,11,4,60,-3.25,"-3.2501655960928484,-3.2615939387435913,-3.509711212501158,-3.2689308016874103"
5.2,24,Human,1,12,10,69,-5.2,"-4.549977435656739,-4.190663096791819,-4.819613827758659,-4.566748287615411"
2.85,25,Human,1,11,3,72,-2.85,"-3.0028407475301133,-2.8333364178037104,-3.0853057565718864,-2.9147564857476467"
2.4166666666666665,26,Human,0,13,11,72,-2.4166666666666665,"-2.4021524879755676,-2.477549441662914,-2.441025318932181,-2.470433230256019"
4.316666666666666,28,Human,1,11,3,75,-4.316666666666666,"-4.38250518501581,-4.300426497851073,-4.376918864373835,-4.369911140365585"
3.9166666666666665,29,Human,2,11,2,77,-3.9166666666666665,"-4.433193411087114,-4.37056223577597,-4.34385943478038,-4.382264882062257"
4.366666666666666,31,Human,1,11,3,79,-4.366666666666666,"-4.494838551587201,-4.44337153259525,-4.492807673800626,-4.460198990866498"
1.4333333333333333,32,Human,1,0,12,80,-1.4333333333333333,"-1.5824550054556061,-1.4166666720283834,-1.7353931820616333,-1.713404386543426"
4.316666666666666,33,Human,1,4,3,81,-4.316666666666666,"-4.4172239955069585,-4.3618428824190385,-4.45688457760901,-4.3988966842803325"
3.4166666666666665,34,Human,2,13,4,82,-3.4166666666666665,"-3.4694152671003606,-3.4475044227626253,-3.4028111554507587,-3.507042169265114"
2.3,35,Human,0,14,3,82,-2.3,"-2.290221071574409,-2.3308261193504753,-2.343653228614666,-2.4998095825803324"
4.35,36,Human,1,11,3,82,-4.35,"-4.413803570188335,-4.395665030763824,-4.411409880698139,-4.429656738583123"
5.133333333333334,37,Human,1,0,2,82,-5.133333333333334,"-5.242207648959079,-5.134813206978205,-5.267957477285772,-5.3351374978681525"
4.25,38,Human,1,4,3,83,-4.25,"-4.310583327717031,-4.292314424246489,-4.34875797040248,-4.322552544606079"
4.283333333333333,39,Human,1,4,3,86,-4.283333333333333,"-4.417729159646289,-4.328326073463032,-4.4292845776090095,-4.387296684280332"
4.266666666666667,41,Human,1,11,3,89,-4.266666666666667,"-4.5847369035216685,-4.322282458409861,-4.3740765473648064,-4.561030923228904"
4.233333333333333,42,Human,1,11,3,91,-4.233333333333333,"-4.313454462735419,-4.283186901044082,-4.34980988069814,-4.577830923228903"
6.516666666666667,43,Human,2,11,2,92,-6.516666666666667,"-6.54414111929742,-6.68835195395411,-6.533555802226901,-6.550225672158588"
5.866666666666666,46,Human,0,11,13,96,-5.866666666666666,"-5.849789632189768,-5.9088754334352,-5.889824905797171,-5.850089009608004"
1.1333333333333333,47,Human,0,15,1,101,-1.1333333333333333,"-1.149940403265628,-1.2982083892364769,-2.5921691175285866,-1.3116600672562104"
2.683333333333333,48,Human,0,4,4,101,-2.683333333333333,"-2.696114711862152,-2.9583004717754737,-2.7086730582361067,-3.2688782892044896"
5.283333333333333,49,Human,1,4,3,105,-5.283333333333333,"-5.334031143791121,-5.2938736545548775,-5.304644247724254,-5.315785320108707"
5.283333333333333,51,Human,1,4,3,109,-5.283333333333333,"-5.273238602959651,-5.264265109073254,-5.28576225433019,-5.27531993283406"
1.6666666666666667,52,Human,0,0,12,112,-1.6666666666666667,"-1.6773262567836364,-1.7288926843768466,-1.7353931820616333,-1.713404386543426"
4.966666666666667,53,Human,2,17,5,119,-4.966666666666667,"-4.9688244240098545,-4.9659140966714075,-4.962730087187456,-4.966309421674254"
4.683333333333334,54,Human,0,7,10,125,-4.683333333333334,"-4.675611241780156,-4.851870334994972,-4.87749396674848,-4.718715067976218"
4.35,55,Human,0,18,2,127,-4.35,"-4.365343929016964,-4.56487982271044,-4.463946857264778,-4.409053331882732"
3.75,56,Human,3,7,4,128,-3.75,"-3.7681602418900715,-3.7631517233767955,-3.766135017737704,-3.755072233736658"
4.383333333333334,57,Human,3,1,1,129,-4.383333333333334,"-5.219278002870848,-5.242250137125489,-5.219582761277055,-4.387511782863204"
4.183333333333334,58,Human,0,7,10,131,-4.183333333333334,"-4.126547990156265,-4.231290914703721,-4.404189070472292,-4.389287168303605"
3.966666666666667,59,Human,2,1,1,132,-3.966666666666667,"-4.493595462143158,-4.468684386463587,-3.9691348727127367,-4.578401328076229"
4.95,60,Human,1,4,3,133,-4.95,"-5.1667605297389,-4.906498452376697,-5.122147662087207,-4.946191369018198"
5.183333333333334,61,Human,0,1,1,134,-5.183333333333334,"-5.205424688126427,-5.227318274628821,-5.225135145489446,-5.236633982663552"
0.65,62,Human,0,16,5,135,-0.65,"-0.6585333266001805,-1.694644092338159,-1.0860939048045422,-1.2390377173187488"
4.333333333333333,63,Human,0,7,10,136,-4.333333333333333,"-4.342109838747165,-4.570040489661639,-4.545616898435601,-4.584368401309551"
3.933333333333333,64,Human,1,1,1,136,-3.933333333333333,"-4.887232127334597,-4.296851868004202,-4.889862080825382,-4.872691431803851"
2.8666666666666667,67,Human,0,20,3,141,-2.8666666666666667,"-2.854808489170824,-2.8626579556893845,-3.2576528477481705,-2.9369418206447446"
3.6166666666666667,68,Human,3,7,4,141,-3.6166666666666667,"-3.6040433561180567,-3.6048444359945293,-3.606512469500517,-3.595208649843428"
4.166666666666667,71,Human,0,8,9,149,-4.166666666666667,"-4.227737194925673,-4.255210984379353,-4.337345143961112,-4.255391249199465"
6.0,73,Human,0,4,16,152,-6.0,"-5.9981179731342635,-6.039849267108163,-6.096726991023906,-6.0221539024804205"
4.616666666666666,74,Human,1,4,3,154,-4.616666666666666,"-4.635063327717031,-4.559409915453315,-4.6403474630031,-4.60273555350498"
4.916666666666667,75,Human,2,13,4,154,-4.916666666666667,"-4.932678035289573,-4.926057490158684,-4.923653521003226,-4.950757726243433"
4.25,77,Human,2,21,17,158,-4.25,"-4.070394584229724,-4.235851956162145,-3.947294185173314,-4.0447901306646425"
4.016666666666667,78,Human,0,22,9,160,-4.016666666666667,"-4.058197743768463,-4.111301940748165,-4.070330336494706,-4.145961324463644"
2.566666666666667,79,Human,0,4,18,160,-2.566666666666667,"-2.580219722464845,-4.891784827263223,-3.1181637241457145,-2.6475873308116133"
4.316666666666666,81,Human,1,11,3,166,-4.316666666666666,"-4.3923574849205345,-4.275485449783227,-4.388635940467292,-4.433246071916456"
1.95,82,Human,0,23,2,167,-1.95,"-1.9273944139352244,-1.9527887373778443,-1.9625206950973335,-1.9656281290549342"
4.433333333333334,83,Human,1,11,3,169,-4.433333333333334,"-5.538657462349143,-4.997402842778515,-5.793951780467292,-5.541044815487893"
5.733333333333333,84,Human,1,11,3,171,-5.733333333333333,"-5.6967313954458225,-5.692324247441539,-5.707296781892588,-5.748525076185073"
4.35,85,Human,1,11,3,172,-4.35,"-5.049405522817335,-4.303948169029887,-4.8149876569801435,-4.8787496959909395"
2.8333333333333335,86,Human,0,11,4,176,-2.8333333333333335,"-2.834154339086359,-2.838807425358408,-3.0309723489597804,-2.852575721068645"
5.6,87,Human,1,11,3,178,-5.6,"-5.6466621189967965,-5.578739211385896,-5.61278467778592,-5.600273781861091"
4.533333333333333,88,Human,3,11,3,179,-4.533333333333333,"-5.236325180383452,-5.208905444810726,-5.226742125584115,-4.519651656340539"
4.166666666666667,89,Human,1,4,3,181,-4.166666666666667,"-4.411062492979621,-4.173719579531775,-4.465684577609009,-4.337563350946999"
4.95,91,Human,1,0,2,181,-4.95,"-5.219600564373199,-4.973100959849086,-5.051024179940547,-5.281590607085654"
4.083333333333333,92,Human,1,4,3,183,-4.083333333333333,"-4.1192469297389005,-4.089816376091628,-4.121238129669766,-4.169597347424266"
5.583333333333333,93,Human,1,4,3,186,-5.583333333333333,"-5.7429576510328975,-5.535239630809266,-5.6923355714854855,-5.669908615214558"
5.533333333333333,94,Human,1,4,3,188,-5.533333333333333,"-5.655711996405566,-5.609435740174626,-5.808992796336432,-5.647704014090932"
2.1,95,Human,0,24,19,189,-2.1,"-2.0937050427117505,-2.209103243313164,-2.187372674051622,-3.1657627485839543"
5.45,96,Human,1,4,3,189,-5.45,"-5.607158842261054,-5.535169996049834,-5.565697773057587,-5.595231992670651"
5.4,98,Human,1,4,3,192,-5.4,"-5.555724414159651,-5.4372180228653555,-5.655376796336434,-5.559054657504981"
5.9,99,Human,0,1,1,194,-5.9,"-5.8959839816773805,-5.898205371354675,-5.899160209269726,-5.896766678970447"
5.383333333333334,102,Human,1,4,3,199,-5.383333333333334,"-5.661479995506959,-5.440503358887382,-5.7136434630031,-5.594269877939414"
2.933333333333333,103,Human,0,0,3,201,-2.933333333333333,"-2.9311132508730093,-2.991023009378154,-2.9811387057002836,-2.933307410232448"
1.5833333333333333,104,Human,0,0,12,203,-1.5833333333333333,"-1.5806391366462973,-1.59707401771018,-1.7353931820616333,-1.713404386543426"
5.316666666666666,105,Human,1,4,3,204,-5.316666666666666,"-5.351271995506958,-5.3009401491831785,-5.357161410390922,-5.50357654460608"
8.25,106,Human,2,17,3,204,-8.25,"-8.442997141714928,-8.333137356436264,-8.223321268867355,-8.244314971422419"
5.216666666666667,107,Human,1,4,3,212,-5.216666666666667,"-5.590791995506958,-5.264757967212908,-5.329027662087208,-5.511437877939413"
4.516666666666667,108,Human,0,4,20,213,-4.516666666666667,"-4.489978184517251,-4.680882924866185,-4.633702079094845,-4.623936270395556"
6.066666666666666,109,Human,2,1,10,220,-6.066666666666666,"-6.031624069747984,-6.031487842731739,-6.031437418764941,-6.031756142475082"
4.35,110,Human,0,4,20,221,-4.35,"-4.337460714118349,-4.562803656082732,-4.448635412428179,-4.556509016316444"
3.4166666666666665,111,Human,1,26,3,221,-3.4166666666666665,"-3.456474533398594,-3.3937828953581697,-3.4648641999940244,-3.4163629304385674"
4.583333333333333,112,Human,0,7,9,223,-4.583333333333333,"-4.5507106401398065,-4.6314165644502046,-4.576616866794831,-4.671404027607393"
3.7666666666666666,113,Human,3,7,4,225,-3.7666666666666666,"-3.786762427220438,-3.789127964140068,-3.7971405593129792,-3.773657648068249"
4.416666666666667,116,Human,0,7,9,228,-4.416666666666667,"-4.41803672577437,-4.5088969208934975,-4.448364293735546,-4.488309414274059"
7.816666666666666,117,Human,2,17,3,229,-7.816666666666666,"-7.9004378757452995,-7.881888362211996,-7.801588291373664,-7.894545975674432"
3.8333333333333335,118,Human,3,7,4,230,-3.8333333333333335,"-3.8464116318386004,-3.849734004892718,-3.8560664496273347,-3.8352206389781243"
4.5,119,Human,0,7,10,231,-4.5,"-5.407767196529201,-5.521392274761371,-5.5255057821168565,-5.535385154705127"
3.816666666666667,120,Human,0,7,4,233,-3.816666666666667,"-3.818229107658593,-3.8247517700346023,-3.8233566094099567,-3.8235595063636127"
4.9,121,Human,1,4,3,233,-4.9,"-5.584524796405567,-5.2258326588351,-5.686867662087208,-5.75764054460608"
4.383333333333334,122,Human,0,7,10,234,-4.383333333333334,"-4.955151044053746,-5.390132021129265,-5.3887233922003075,-5.400496269302331"
4.2,123,Human,2,0,21,235,-4.2,"-4.200651025371488,-4.3287206154865565,-4.189219187115432,-4.489946205500779"
2.316666666666667,126,Human,0,8,21,238,-2.316666666666667,"-2.3190085381009222,-2.4005615716650954,-2.3666013978699048,-2.3349944297373373"
5.6,127,Human,0,27,2,240,-5.6,"-5.338515608312809,-5.787445755740477,-5.709322072261015,-5.6957831778782975"
5.333333333333333,128,Human,1,16,10,245,-5.333333333333333,"-5.4315151791472225,-5.387610045032893,-5.49606044242669,-5.552321660903648"
5.133333333333334,129,Human,0,4,20,245,-5.133333333333334,"-4.496389829330145,-4.5397463398929485,-4.587127598868557,-4.551950643020687"
5.266666666666667,131,Human,1,16,10,246,-5.266666666666667,"-5.380108496888036,-5.334133705254749,-5.617639109093355,-5.359495088722919"
4.516666666666667,132,Human,1,11,3,248,-4.516666666666667,"-4.827376903521669,-4.524420350152216,-4.818274571225179,-4.73976340524979"
4.066666666666666,133,Human,3,16,9,248,-4.066666666666666,"-4.177118392400728,-4.281055476819958,-4.151567084487507,-4.1375258366224745"
4.383333333333334,134,Human,1,11,3,249,-4.383333333333334,"-4.452774582349143,-4.010516672350825,-4.442407904558513,-4.421124857533165"
5.983333333333333,135,Human,1,4,3,258,-5.983333333333333,"-6.228826663072233,-6.030886529503531,-6.227255037069147,-6.132470835684864"
3.433333333333333,137,Human,0,28,9,261,-3.433333333333333,"-3.443582738132062,-3.505788332549176,-3.448922618961449,-3.6187067176757575"
1.7,138,Human,1,0,23,262,-1.7,"-1.8531202084544507,-1.6862107275471248,-1.9255325112500326,-1.9343259589160755"
3.3833333333333333,140,Human,3,4,24,265,-3.3833333333333333,"-3.649029447585005,-3.3026532406716766,-3.3265970633506545,-3.2020009068280397"
1.9166666666666667,143,Human,0,30,25,268,-1.9166666666666667,"-1.8904921301275923,-1.9806679529637634,-1.9809870890328776,-1.9832128629709627"
4.25,144,Human,1,4,3,269,-4.25,"-5.321829481909812,-4.366189171600275,-5.270705005057588,-5.345519964517694"
4.35,145,Human,1,11,3,269,-4.35,"-5.550210486349143,-5.156072512362606,-5.561016100467292,-5.503576784656982"
4.366666666666666,146,Human,0,11,26,271,-4.366666666666666,"-4.45864075206228,-4.679109809566318,-4.69665697915536,-4.67174216051042"
5.566666666666666,147,Human,1,11,3,272,-5.566666666666666,"-5.858319694603095,-5.570142328798051,-5.678474392250782,-5.618713538232251"
7.0,148,Human,0,4,16,280,-7.0,"-6.991710730335584,-7.065301422138747,-7.021127187290571,-7.072753963098925"
4.483333333333333,149,Human,1,1,1,281,-4.483333333333333,"-4.666196679533838,-4.475594005194502,-4.477807250382705,-4.478470131171115"
4.083333333333333,151,Human,1,11,3,285,-4.083333333333333,"-5.313669454603095,-5.048741468511295,-5.3937769903134765,-5.304968152693199"
2.5833333333333335,152,Human,0,16,12,286,-2.5833333333333335,"-2.6175053312842036,-2.837979892432135,-2.843881221891204,-2.922439886249676"
1.9833333333333334,153,Human,1,16,27,288,-1.9833333333333334,"-2.2121951402879367,-1.977281522398003,-2.100812852138696,-2.2906778492534525"
4.066666666666666,154,Human,0,11,28,289,-4.066666666666666,"-4.292083633682887,-4.7786384847963665,-4.760406728450919,-4.848320916017956"
4.783333333333333,155,Human,3,16,9,289,-4.783333333333333,"-4.793799275555738,-4.845043505164774,-4.804214954722635,-4.780486786276358"
0.9,158,Human,0,31,2,293,-0.9,"-0.900218549176825,-1.4011332970913348,-1.7062506211988038,-1.9857952828359569"
5.233333333333333,159,Human,1,4,3,293,-5.233333333333333,"-5.565730662173625,-5.343410998875879,-5.593120796336434,-5.379005877939413"
5.333333333333333,160,Human,1,4,3,295,-5.333333333333333,"-5.549794662173626,-5.391290785514825,-5.4626543287538745,-5.5392298779394125"
5.25,161,Human,1,4,3,296,-5.25,"-5.544866662173625,-5.334935978733198,-5.5727954630031,-5.539886302351531"
5.183333333333334,162,Human,1,4,3,298,-5.183333333333334,"-5.546553596405567,-5.2153230357144125,-5.3435367963364335,-5.291674035684865"
3.8333333333333335,163,Human,1,11,3,299,-3.8333333333333335,"-4.798710551587201,-4.724615576040508,-4.777977325584115,-4.8744676726932"
3.7666666666666666,164,Human,1,11,3,301,-3.7666666666666666,"-4.715695084920535,-4.4197997078335085,-4.742475458917449,-4.747619459359865"
4.7,165,Human,3,16,30,305,-4.7,"-4.726888182734456,-4.744785185216362,-4.742949501759686,-4.683653063115101"
4.766666666666667,166,Human,3,17,5,305,-4.766666666666667,"-4.756749325399354,-4.755586714353517,-4.7553010363424395,-4.752655587752184"
4.466666666666667,167,Human,3,32,9,306,-4.466666666666667,"-4.502936131640964,-4.582160583786898,-4.468522192923246,-4.464944974516673"
1.5666666666666667,168,Human,0,33,9,307,-1.5666666666666667,"-1.5835661288712082,-1.6159586463179365,-1.8481491385365594,-1.7138011240374849"
4.583333333333333,169,Human,3,4,31,308,-4.583333333333333,"-4.704495348317229,-4.70264416212743,-5.056905602383275,-4.569645009104"
2.5833333333333335,170,Human,0,0,3,315,-2.5833333333333335,"-2.5853587001453,-2.621299664822966,-2.6388907012375316,-2.593248574497369"
2.6166666666666667,171,Human,0,0,3,317,-2.6166666666666667,"-2.6139600706137274,-2.647966331489633,-2.6688907012375314,-2.626268012975721"
4.816666666666666,172,Human,1,4,3,320,-4.816666666666666,"-5.011143327717031,-4.866301543811685,-5.043854328753875,-5.02871254460608"
2.433333333333333,173,Human,0,0,3,320,-2.433333333333333,"-2.4218140170668847,-2.509039731858373,-2.537779227656692,-2.442520176667033"
7.8,175,Human,1,4,33,323,-7.8,"-7.692532373727709,-7.689045021653011,-7.696612266299247,-7.702571847926975"
1.7333333333333334,177,Human,1,4,34,324,-1.7333333333333334,"-1.7819254238179183,-1.7556766743353316,-1.824912332732362,-1.977148431975605"
4.166666666666667,178,Human,0,8,9,326,-4.166666666666667,"-4.202878266780358,-4.271245885868451,-4.530300892135113,-4.266654719590127"
3.25,179,Human,1,34,10,329,-3.25,"-3.2482510253594077,-3.245084741178312,-3.322139201763585,-3.307548900443691"
5.716666666666667,180,Human,0,8,9,329,-5.716666666666667,"-4.299665846490873,-4.403928787503483,-4.617742781835558,-4.551450399487658"
4.183333333333334,181,Human,0,8,9,330,-4.183333333333334,"-4.206645391722001,-4.388008787503483,-4.565609448502224,-4.433525066154325"
7.5,183,Human,3,17,3,332,-7.5,"-7.779745098722617,-7.529670689769597,-7.5134805401086755,-7.507824013984822"
4.633333333333334,184,Human,1,11,3,335,-4.633333333333334,"-4.807803570188335,-4.661827351953297,-4.846941237891846,-4.765350923228903"
2.25,185,Human,0,16,12,335,-2.25,"-2.1722648879463096,-2.808327838258587,-2.832547888557871,-2.751106552916343"
2.55,186,Human,1,21,35,335,-2.55,"-2.5978469627619,-2.555202759796578,-2.661362814384213,-2.6093025723233856"
4.516666666666667,187,Human,1,11,3,336,-4.516666666666667,"-4.741325522817334,-4.549110432999011,-4.700674571225179,-4.723262457533165"
4.05,188,Human,3,16,9,337,-4.05,"-4.116232419067394,-4.230655476819958,-4.082698759822315,-4.039918703875395"
5.666666666666667,189,Human,1,16,10,338,-5.666666666666667,"-6.136688084271919,-5.5136930972151665,-5.745382219700028,-5.815682410619102"
3.8666666666666667,190,Human,3,1,1,339,-3.8666666666666667,"-4.584642400230723,-4.60061810084979,-4.600405362368894,-4.2215940698618715"
4.366666666666666,192,Human,1,11,3,340,-4.366666666666666,"-4.607323570188335,-4.4557620620278815,-4.531828260467292,-4.543242618154559"
4.316666666666666,196,Human,1,11,3,347,-4.316666666666666,"-4.449350236855002,-4.358421201951343,-4.438343214031473,-4.451804256562236"
6.033333333333333,197,Human,2,0,2,347,-6.033333333333333,"-6.411523417310624,-6.69051351125906,-6.12793643375829,-6.379708203862285"
3.533333333333333,198,Human,1,13,37,348,-3.533333333333333,"-3.5713091393791356,-3.527073042885779,-3.593024066358004,-3.7530828036326125"
4.2,199,Human,1,11,3,351,-4.2,"-4.345987796068751,-4.225557937657068,-4.485554571225179,-4.378974071916455"
4.383333333333334,200,Human,1,4,3,351,-4.383333333333334,"-4.457995826312955,-4.37989234248457,-4.48408457760901,-4.454744014090933"
6.6,203,Human,0,0,2,355,-6.6,"-6.904117980457614,-7.194630067946854,-7.072066570881971,-7.162768747008952"
3.4166666666666665,204,Human,0,4,20,356,-3.4166666666666665,"-5.076113568665898,-5.233832271914359,-5.238770131163228,-5.170049843020687"
5.2,205,Human,0,4,20,357,-5.2,"-5.053748421567156,-5.143879673226282,-5.130539997287368,-5.251770037109192"
5.116666666666666,206,Human,0,4,20,359,-5.116666666666666,"-5.209179216547067,-5.3412744052476935,-5.268298664496562,-5.3296313704425256"
4.216666666666667,208,Human,1,11,3,366,-4.216666666666667,"-4.278521129402085,-4.248215170765359,-4.305276547364806,-4.49081758989557"
5.0,209,Human,0,4,20,368,-5.0,"-4.962320817377226,-5.133314339892949,-5.119868329942543,-5.086369879719822"
3.1,210,Human,1,35,3,370,-3.1,"-3.0990736143973487,-3.0988752619748854,-3.098929450990933,-3.1022727521273277"
3.9833333333333334,211,Human,1,11,3,374,-3.9833333333333334,"-4.108484745085939,-4.077452871203697,-4.218076547364806,-4.166221987369462"
3.3,212,Human,0,36,20,375,-3.3,"-3.312888016652574,-3.399797629525372,-3.717211343463071,-3.592679778792567"
4.716666666666667,213,Human,1,0,39,376,-4.716666666666667,"-5.017385487773294,-4.800959636415779,-4.944773402351753,-4.925011227662234"
6.066666666666666,214,Human,1,16,10,377,-6.066666666666666,"-6.639227971646929,-6.340162682730293,-6.457090317189134,-6.590820177645002"
6.333333333333333,215,Human,3,1,10,378,-6.333333333333333,"-6.3340041969162435,-6.350566577538837,-6.3502569093105325,-6.3329153516674985"
6.233333333333333,216,Human,0,11,2,379,-6.233333333333333,"-4.69457651747913,-4.7591614500832735,-4.759742827111227,-4.772089238983138"
3.3,217,Human,0,11,40,380,-3.3,"-3.5433780940111337,-3.655713462922966,-3.5624109593009305,-3.9577436797861925"
5.1,218,Human,1,8,9,381,-5.1,"-5.129474554325151,-5.114590936748254,-5.176697581418543,-5.147578399487658"
5.216666666666667,219,Human,1,11,3,382,-5.216666666666667,"-4.5811921894840015,-4.084833996363496,-4.449543214031473,-4.531027405249789"
4.166666666666667,220,Human,1,1,1,382,-4.166666666666667,"-4.168759858059071,-4.136153970446235,-4.153823344899089,-4.151876638468956"
4.75,222,Human,0,8,9,383,-4.75,"-6.490065964611162,-6.6283213573355635,-6.668187380374757,-6.619095252923461"
5.116666666666666,224,Human,1,11,3,386,-5.116666666666666,"-4.673291884920535,-4.255725385751232,-4.62389432364681,-4.6042000575331645"
4.35,225,Human,0,11,20,387,-4.35,"-4.278227942445411,-4.45498316733749,-4.469835239080514,-4.3869825921210825"
3.783333333333333,226,Human,1,11,3,389,-3.783333333333333,"-4.700826104279314,-4.267765774272974,-4.734407887133959,-4.725671369843204"
4.333333333333333,227,Human,0,38,10,390,-4.333333333333333,"-4.733617982215232,-4.8155898883765,-4.812226760453493,-4.99817395182165"
4.466666666666667,228,Human,0,4,20,395,-4.466666666666667,"-4.552359342230293,-4.661789591532853,-4.732321663275877,-4.7176658797198225"
0.6166666666666667,229,Human,0,16,5,396,-0.6166666666666667,"-0.6172345871251868,-1.694644092338159,-1.0860939048045422,-1.2390377173187488"
2.1,230,Human,0,4,4,398,-2.1,"-2.1833903633737624,-2.4022422563860086,-2.2554811111341997,-2.562764528172278"
4.566666666666666,232,Human,0,4,20,399,-4.566666666666666,"-4.6400009106623195,-4.8085629248661865,-4.682635412428178,-4.762039213053156"
4.516666666666667,233,Human,0,4,20,400,-4.516666666666667,"-4.574124934794707,-4.944589006559616,-4.710347997287369,-4.725570570442525"
6.016666666666667,234,Human,1,4,20,402,-6.016666666666667,"-4.881032021011278,-4.817069591532853,-5.043179997287368,-4.822375682983112"
5.283333333333333,236,Human,3,4,20,411,-5.283333333333333,"-4.639849781669695,-4.774082924866187,-4.728748329942542,-4.606428546386489"
5.783333333333333,237,Human,0,4,5,412,-5.783333333333333,"-5.748532747694229,-5.760488890631097,-5.833008351785798,-6.065945649071697"
3.0,238,Human,0,39,9,413,-3.0,"-2.965789736112037,-3.1087242950803935,-3.078683843991161,-3.0605195518092048"
1.9,239,Human,0,40,20,413,-1.9,"-1.8989195864737232,-2.0169693449734107,-1.980248130929838,-2.0328564773641644"
4.133333333333334,240,Human,0,41,2,414,-4.133333333333334,"-4.156432449929346,-4.298492460402448,-4.191204882628839,-4.260028198810122"
5.833333333333333,241,Human,3,4,2,414,-5.833333333333333,"-6.805603576485426,-6.786257331806857,-6.783544699175915,-6.496782489166174"
4.55,243,Human,1,11,3,419,-4.55,"-4.597200101213428,-4.572055652648985,-4.612840435499067,-4.590178496822059"
1.9,244,Human,3,4,10,423,-1.9,"-2.0227403070106553,-2.0160584096327883,-2.005612211891779,-1.901344462543531"
4.283333333333333,246,Human,1,16,10,424,-4.283333333333333,"-4.717781417605252,-4.525513206587846,-4.74420138494796,-4.725505928495282"
4.45,247,Human,1,11,3,427,-4.45,"-4.484206097879314,-4.446210982865967,-4.513985360373833,-4.468207971065802"
2.85,248,Human,0,43,20,429,-2.85,"-3.109658535948516,-3.627033535718103,-3.6630363030875133,-3.8837064290030487"
4.15,250,Human,1,16,10,434,-4.15,"-5.444241973934029,-5.247745766618495,-5.780528886366695,-5.333663409462892"
2.0833333333333335,251,Human,0,0,3,435,-2.0833333333333335,"-2.0868882692626194,-2.2557912476953743,-2.277780043213581,-2.093697731187417"
3.6,252,Human,0,11,20,438,-3.6,"-3.743720715524308,-3.885728959171862,-3.8687607155173085,-3.8197949068180197"
4.483333333333333,253,Human,1,1,1,446,-4.483333333333333,"-4.7037230897145275,-4.503146957582264,-4.519830742057785,-4.528683570337505"
4.7,254,Human,3,1,1,448,-4.7,"-4.801034109104956,-4.81087018723557,-4.775668967714729,-4.70004933194027"
3.933333333333333,255,Human,0,17,5,450,-3.933333333333333,"-3.9517919756350155,-3.9809498281097904,-4.184063435021237,-4.02783778265806"
3.75,256,Human,0,11,20,450,-3.75,"-4.080513077987337,-4.226795625838529,-4.109827382183975,-4.2407327403635335"
5.25,257,Human,1,1,42,450,-5.25,"-5.401009866756997,-5.1394914278701025,-5.480355626411425,-5.356109778003686"
4.3,258,Human,3,11,4,451,-4.3,"-3.5574536822840166,-3.5977183010135896,-3.6377618426674077,-3.5375833025204804"
4.733333333333333,259,Human,3,1,1,452,-4.733333333333333,"-5.161551890997739,-5.267601671111141,-5.215986773539138,-4.844617121144962"
1.3333333333333333,260,Human,0,31,2,453,-1.3333333333333333,"-1.34189479747594,-1.4011332970913348,-1.7062506211988038,-1.9857952828359569"
4.783333333333333,262,Human,0,1,1,455,-4.783333333333333,"-5.162028406448661,-5.453677915022245,-5.424660653300462,-5.443656560741387"
4.633333333333334,263,Human,0,4,20,456,-4.633333333333334,"-4.713038516029565,-4.935474339892949,-4.889067997287368,-4.796791213053156"
4.633333333333334,264,Human,0,4,20,458,-4.633333333333334,"-4.709296809479749,-4.910679673226282,-4.917307997287368,-4.985009879719822"
6.3,265,Human,2,4,5,459,-6.3,"-6.355458371021119,-6.358608676603405,-6.324369977385506,-6.390948629601663"
3.316666666666667,266,Human,0,44,20,462,-3.316666666666667,"-3.4345467776881837,-3.499714716408897,-3.520788558014999,-3.4633571890175805"
4.416666666666667,267,Human,1,21,4,462,-4.416666666666667,"-4.463765489072355,-4.428185017992016,-4.688189492256514,-4.644863331469377"
3.033333333333333,268,Human,3,0,3,464,-3.033333333333333,"-3.032677614508658,-3.0432889274537143,-3.0393042739543534,-3.029733395669206"
4.316666666666666,269,Human,0,21,43,465,-4.316666666666666,"-4.310385504818628,-4.350102133639286,-4.357020504636525,-4.394910781875808"
5.533333333333333,270,Human,2,43,2,468,-5.533333333333333,"-6.049939497947582,-6.015518705976302,-5.2875894872406475,-6.012171387115659"
1.0666666666666667,271,Human,1,45,10,474,-1.0666666666666667,"-1.2608605176652377,-1.0770900588778698,-1.1276765711912289,-1.117757798536425"
3.8333333333333335,272,Human,0,11,4,474,-3.8333333333333335,"-3.8733471713466128,-3.8828948421384784,-4.081688970000926,-3.873416962256774"
6.316666666666666,274,Human,0,4,5,481,-6.316666666666666,"-6.128252428345657,-6.153351022923318,-6.175442365773508,-6.163611845773783"
1.2333333333333334,275,Human,0,2,2,482,-1.2333333333333334,"-1.2487038124538963,-1.310544909108352,-3.4010860355661343,-6.968603352067967"
4.716666666666667,277,Human,1,16,10,484,-4.716666666666667,"-5.4971851340842015,-4.9220630251916235,-5.573494441291702,-5.634199261828615"
4.233333333333333,279,Human,0,1,1,491,-4.233333333333333,"-4.404718456248155,-4.908359461229442,-4.917437543860713,-4.911877270902618"
1.9,280,Human,1,47,20,495,-1.9,"-1.9336592761557816,-1.915515324815649,-1.9390207783406637,-2.158209301982023"
5.2,281,Human,2,1,1,495,-5.2,"-5.244721864405809,-5.26098684135407,-5.210147992138105,-5.248536126666193"
5.15,282,Human,2,1,1,500,-5.15,"-5.168065632794439,-5.165033263056866,-5.14445831786024,-5.171803511682304"
4.1,283,Human,0,4,20,500,-4.1,"-4.102790103984302,-4.4230850065596155,-4.399734663954035,-4.396801879719823"
1.3,284,Human,0,48,3,504,-1.3,"-1.2994775056917218,-1.3469472742300663,-1.9859290008299932,-1.3189111440112404"
2.3833333333333333,285,Human,1,49,3,507,-2.3833333333333333,"-2.4327739918204716,-2.432762035360789,-2.4482709283449386,-2.507928533544448"
3.966666666666667,286,Human,0,1,1,508,-3.966666666666667,"-4.4416389338368205,-4.911190533383973,-4.917683602199531,-4.929276997671211"
3.716666666666667,287,Human,1,21,4,512,-3.716666666666667,"-3.879568627658407,-3.7071849591754553,-3.955976865320643,-3.914305831003388"
4.566666666666666,288,Human,0,50,12,515,-4.566666666666666,"-4.377001352015819,-4.630988516699487,-4.610610148438209,-4.651010518115086"
2.4,289,Human,0,22,20,515,-2.4,"-2.440688511086343,-2.5165467292748636,-2.585587323482309,-2.545630961383834"
1.3333333333333333,290,Human,1,16,45,516,-1.3333333333333333,"-1.43316321373805,-1.3379987530000241,-1.8941149822059853,-1.485339475574247"
3.0833333333333335,292,Human,1,7,1,521,-3.0833333333333335,"-3.1386980300829226,-3.0810993699068088,-3.1216176347656366,-3.382987014106191"
2.0,293,Human,0,16,46,521,-2.0,"-2.000881437669921,-2.1178036231051096,-2.0717389514077773,-2.0424836889399387"
3.3666666666666667,294,Human,0,7,4,522,-3.3666666666666667,"-3.3541662480106105,-3.3625267928418316,-3.3887845164548276,-3.360509612207641"
2.55,295,Human,0,11,20,524,-2.55,"-2.8846521077471516,-2.9744706233825418,-2.8994024391614093,-3.0290545419031547"
5.366666666666666,296,Human,0,4,5,524,-5.366666666666666,"-5.368405832791825,-5.389418044561125,-5.448929388194382,-5.38901765715583"
4.25,297,Human,0,17,5,525,-4.25,"-4.248564159104302,-4.499759889990266,-4.34709074801699,-4.370110226126449"
3.9833333333333334,298,Human,0,11,47,528,-3.9833333333333334,"-4.033736376640749,-4.289236953650864,-4.343714155693691,-4.418781936869511"
5.133333333333334,299,Human,1,11,5,529,-5.133333333333334,"-5.148544351717466,-5.12124396929423,-5.148816464277502,-5.167285305786517"
2.0833333333333335,300,Human,0,51,20,531,-2.0833333333333335,"-2.0644790209121284,-2.17989689871629,-2.257940536617815,-2.244189637842178"
5.266666666666667,302,Human,1,4,5,534,-5.266666666666667,"-5.28383278664576,-5.267658117302075,-5.354098518434811,-5.289992853148166"
5.266666666666667,303,Human,0,4,5,536,-5.266666666666667,"-5.309160568129096,-5.339941246574253,-5.501073284784081,-5.33737865162257"
3.533333333333333,304,Human,0,11,20,537,-3.533333333333333,"-3.7378942277927116,-3.9928231673374897,-4.044513524597744,-3.9947425921210824"
3.8833333333333333,305,Human,0,17,5,541,-3.8833333333333333,"-3.8856755720737395,-3.972816494776457,-3.9817967683545703,-4.0137044493247265"
3.4,307,Human,0,11,20,547,-3.4,"-3.5899096311950593,-3.8827431673374897,-3.8366885724138466,-3.903548740363533"
4.716666666666667,308,Human,0,17,5,548,-4.716666666666667,"-4.719415354142271,-4.819213147473347,-4.777207636318033,-4.770255262443409"
5.05,309,Human,3,11,5,549,-5.05,"-5.308788403558893,-5.133355229825935,-5.06253344073199,-5.051293760365022"
6.366666666666666,310,Human,1,11,5,551,-6.366666666666666,"-6.385470884280256,-6.370837633675369,-6.390876231825635,-6.3808779904306245"
6.333333333333333,311,Human,2,4,5,552,-6.333333333333333,"-6.348034700609382,-6.363513440215377,-6.347899872773208,-6.370942301534316"
2.3333333333333335,312,Human,3,52,20,555,-2.3333333333333335,"-2.543149552653448,-2.515329227438671,-2.5193429657271142,-2.4625973075018406"
4.716666666666667,313,Human,1,0,2,562,-4.716666666666667,"-5.316453784831892,-4.716303142423032,-5.2534768052029195,-5.3459631195373785"
2.9166666666666665,314,Human,0,0,3,563,-2.9166666666666665,"-2.9145910712297383,-2.948341508801615,-2.9661970973185454,-2.9338720340022646"
2.8666666666666667,315,Human,0,0,3,564,-2.8666666666666667,"-2.877820178481786,-2.9114343301349486,-2.940131177318545,-2.906863947540961"
4.7,316,Human,0,0,2,565,-4.7,"-4.6989604959698905,-4.9500867792093,-5.0047516884952845,-5.008439989252477"
2.8333333333333335,317,Human,0,0,3,572,-2.8333333333333335,"-2.8053335135905133,-2.824767009378154,-2.89390829789356,-2.8199292697445384"
4.9,319,Human,1,8,48,578,-4.9,"-4.964925344957221,-4.901945037594308,-4.968259472552824,-4.917336935733141"
6.766666666666667,320,Human,0,36,16,579,-6.766666666666667,"-6.764619618279065,-6.862909906121821,-7.0178480517465704,-6.78168705814691"
2.9833333333333334,321,Human,0,39,9,588,-2.9833333333333334,"-3.026258047581458,-3.0932898360643155,-3.1264171773244938,-3.1425195518092046"
2.216666666666667,322,Human,0,8,49,593,-2.216666666666667,"-2.2074636727799004,-2.225849349652028,-2.3358392128629712,-2.24530507887689"
1.0666666666666667,323,Human,0,4,50,593,-1.0666666666666667,"-1.0637359205738501,-1.1702291682966428,-1.201131437525106,-1.192731740863894"
5.583333333333333,324,Human,2,4,5,599,-5.583333333333333,"-5.591779074959207,-5.605220584694097,-5.59098730781329,-5.610205933453011"
4.466666666666667,325,Human,0,17,5,600,-4.466666666666667,"-4.462083769317342,-4.468263310097843,-4.4682895590358935,-4.469407103283116"
5.35,326,Human,1,16,10,603,-5.35,"-5.451141417605252,-5.349230383544748,-5.736427774625036,-5.557265928495282"
0.55,327,Human,0,16,5,606,-0.55,"-0.554267223292045,-1.694644092338159,-1.0860939048045422,-1.2390377173187488"
4.116666666666666,328,Human,0,7,10,607,-4.116666666666666,"-4.109445020318217,-4.417882914703721,-4.413095737138959,-4.499051067976218"
4.066666666666666,329,Human,0,7,9,610,-4.066666666666666,"-3.079147655733628,-3.698540644108472,-3.69339025199722,-3.657742241420687"
2.783333333333333,331,Human,0,7,9,613,-2.783333333333333,"-3.511816271541874,-3.710871634491839,-3.765836423678221,-3.833126119002065"
4.133333333333334,332,Human,0,7,10,614,-4.133333333333334,"-4.795542043056878,-5.04944358947422,-5.049450192065452,-5.0437205470744475"
2.7666666666666666,333,Human,1,0,51,615,-2.7666666666666666,"-3.3562656599070815,-2.733513594324542,-3.4030680459688316,-3.400143867428414"
5.083333333333333,334,Human,0,7,10,616,-5.083333333333333,"-5.083468666383431,-5.116945044505661,-5.3077734334151465,-5.138012977360784"
3.566666666666667,335,Human,0,53,52,616,-3.566666666666667,"-3.6036114471270495,-3.6685953804655633,-3.7281117989761783,-3.738359596221498"
3.933333333333333,336,Human,0,7,9,618,-3.933333333333333,"-3.9367957956722925,-4.082369842493497,-4.049984748329858,-4.11324701427406"
3.533333333333333,338,Human,0,11,20,634,-3.533333333333333,"-3.5303858717804095,-3.571661198964827,-3.7211607155173083,-3.627128240151353"
4.2,339,Human,3,11,4,637,-4.2,"-4.196722176648347,-4.19660785098052,-4.494115636667593,-4.192337779099325"
3.65,340,Human,0,55,20,645,-3.65,"-3.6999379251888316,-3.935871297114959,-3.8648300355246494,-3.7544840552318846"
5.183333333333334,341,Human,0,17,5,645,-5.183333333333334,"-5.19045547940385,-5.198559609158558,-5.218993050139867,-5.214366135955488"
4.583333333333333,342,Human,0,56,10,652,-4.583333333333333,"-4.954136258932203,-5.852653029758105,-5.926725348183797,-5.742819699722821"
1.8166666666666667,343,Human,0,57,15,653,-1.8166666666666667,"-1.8042930213323682,-2.522278865500964,-1.9117832763054823,-2.4069594432445403"
5.133333333333334,344,Human,1,0,53,667,-5.133333333333334,"-5.277149601922888,-5.1303649845374615,-5.137133389212198,-5.240403969320282"
5.883333333333334,346,Human,0,0,2,670,-5.883333333333334,"-5.847801065827328,-6.099342286485207,-5.946928143952438,-5.882759589761188"
4.283333333333333,347,Human,3,24,54,673,-4.283333333333333,"-4.718477123305258,-4.353131199646339,-4.768741102186946,-4.287144167359833"
1.1666666666666667,348,Human,0,58,3,674,-1.1666666666666667,"-1.1735057781326712,-1.2534519610580013,-1.5547920824197208,-1.4682393475748827"
4.266666666666667,349,Human,0,7,10,675,-4.266666666666667,"-4.268716192654207,-4.353385798429644,-4.344044589711166,-4.437233834970272"
4.45,352,Human,0,7,10,676,-4.45,"-4.238801398128232,-4.279080310046318,-4.413736338090365,-4.428273834970272"
3.4,353,Human,0,7,9,678,-3.4,"-3.355109620046025,-3.588508572229423,-3.7428196020789892,-3.8603580542740588"
2.5,354,Human,0,0,3,679,-2.5,"-2.5014382292486856,-2.5946329981562997,-2.6255573679041984,-2.539234514283204"
4.083333333333333,356,Human,1,13,56,680,-4.083333333333333,"-4.102256386527985,-4.055151890841881,-4.106367956468235,-4.107141468153429"
2.433333333333333,358,Human,0,0,3,680,-2.433333333333333,"-2.5718875999332584,-2.8597063985250397,-2.6288907012375313,-2.614299747798639"
7.05,359,Human,1,8,10,681,-7.05,"-7.144699034671085,-7.056594757914784,-7.130664348260591,-7.280344787442672"
2.466666666666667,360,Human,1,1,57,682,-2.466666666666667,"-2.497711785991779,-2.4791888624819673,-2.5054951256902513,-2.517013389840194"
5.466666666666667,363,Human,1,7,10,686,-5.466666666666667,"-4.437713433157046,-4.363568460836937,-4.376090204548654,-4.532021734642885"
4.5,364,Human,3,17,5,686,-4.5,"-5.507910294904788,-5.507002581089059,-5.508730723967173,-5.498227678731601"
3.0,366,Human,0,7,9,691,-3.0,"-3.0085983985327736,-3.444911772229422,-3.3981178359320703,-3.3542222414206866"
3.5,367,Human,2,7,58,692,-3.5,"-3.4854036860341906,-3.4861558494161775,-3.4717584823409067,-3.482709166443211"
2.35,369,Human,0,60,5,694,-2.35,"-2.350001284341613,-2.360241830898468,-2.359848300602776,-2.5144636256230357"
4.1,371,Human,0,22,9,695,-4.1,"-4.109014928535882,-4.146624172601872,-4.135223798967239,-4.239275244463643"
2.783333333333333,372,Human,0,7,9,696,-2.783333333333333,"-2.9855987147146523,-3.391588678896089,-3.326624502598736,-3.3378294142740588"
2.8333333333333335,373,Human,0,7,9,697,-2.8333333333333335,"-2.884102020573573,-3.497836248620111,-3.436936935412322,-3.539293701767846"
2.8833333333333333,374,Human,0,7,9,699,-2.8833333333333333,"-3.1358366570330816,-3.747905140450205,-3.659471958663887,-3.699015126469883"
2.0833333333333335,375,Human,3,0,3,706,-2.0833333333333335,"-2.219943526760364,-2.2557912476953743,-2.277780043213581,-2.205908239250066"
3.9166666666666665,376,Human,0,7,9,707,-3.9166666666666665,"-3.90346922652708,-3.953173961783538,-3.918223766006747,-3.9577817011759073"
4.983333333333333,377,Human,1,7,10,710,-4.983333333333333,"-4.309552570196591,-3.9918893765477286,-4.3864615808523615,-4.294763067976218"
5.083333333333333,379,Human,0,17,5,714,-5.083333333333333,"-5.078358374240284,-5.146093195821166,-5.15285074801699,-5.180430226126448"
1.15,380,Human,0,61,2,715,-1.15,"-1.1527834306942992,-1.2158638879597914,-3.742237715820669,-1.2705845995705698"
5.0,381,Human,0,62,2,721,-5.0,"-5.015947077937027,-5.3288591290123914,-5.321732445288882,-5.3520594736843625"
3.95,382,Human,1,11,3,726,-3.95,"-3.985165522817335,-3.937389232788179,-3.9671432140314726,-3.9777915241998323"
3.6,383,Human,0,63,5,726,-3.6,"-3.6043158159435182,-4.054748086200643,-4.135823186667324,-4.036910658813275"
1.9333333333333333,384,Human,2,64,1,729,-1.9333333333333333,"-1.9464467315507918,-1.9776276480930748,-1.9283586280755327,-1.934410585741313"
4.133333333333334,385,Human,2,0,59,729,-4.133333333333334,"-4.34877863237396,-4.120099371758402,-4.118432487288523,-4.209488753349945"
5.416666666666667,386,Human,1,11,3,732,-5.416666666666667,"-5.599202856150668,-5.397920547012988,-5.6275903236468094,-5.4782886860265325"
1.2333333333333334,387,Human,1,65,2,733,-1.2333333333333334,"-1.5444927142923404,-1.2471357264522611,-1.6445111665976686,-1.577538603634398"
2.6333333333333333,389,Human,0,16,12,738,-2.6333333333333333,"-2.6362323715559053,-2.830379892432135,-2.783881221891204,-2.9717732195830093"
4.65,391,Human,0,67,5,746,-4.65,"-4.650585859934558,-5.541834800279721,-5.540677720595302,-5.5973602265036"
2.4,392,Human,1,68,2,751,-2.4,"-2.4400779347338655,-2.3905993170383764,-2.516904755509115,-2.45399546623545"
0.85,393,Human,0,69,12,752,-0.85,"-0.8401792513166766,-2.1600544465446365,-1.3885305021936782,-1.3882303821456592"
3.5,394,Human,1,70,3,752,-3.5,"-4.164905138007976,-3.5074802121265556,-4.27763636276685,-4.070652108883871"
0.7166666666666667,395,Human,0,16,5,752,-0.7166666666666667,"-0.7131617958188855,-1.694644092338159,-1.0860939048045422,-1.2390377173187488"
2.7666666666666666,396,Human,0,32,5,761,-2.7666666666666666,"-2.7702206643369838,-2.8071478275624675,-2.7855285380607913,-2.9027639899732396"
4.616666666666666,397,Human,3,17,5,767,-4.616666666666666,"-4.617005247513337,-4.615671927112913,-4.614552208778891,-4.610713978672511"
3.7333333333333334,398,Human,3,7,4,769,-3.7333333333333334,"-3.760182837178003,-3.750932986550533,-3.778277659613114,-3.7329389785260543"
2.8833333333333333,399,Human,0,7,9,770,-2.8833333333333333,"-2.881268454171524,-3.0385447564194865,-3.004434118643858,-2.956595574754021"
3.783333333333333,400,Human,3,7,4,772,-3.783333333333333,"-3.811740682448619,-3.8137978587753447,-3.809794603983568,-3.7897885441873065"
2.816666666666667,401,Human,0,7,9,774,-2.816666666666667,"-2.8197919373933975,-2.964775310775138,-2.9744341186438583,-3.05601391888649"
5.8,402,Human,0,0,5,775,-5.8,"-5.75287792282293,-6.057782138029796,-6.252784498635052,-6.0627552442182395"
1.9333333333333333,403,Human,0,4,4,775,-1.9333333333333333,"-2.1909352525589316,-2.5155804717754737,-2.5874599111258885,-2.512764528172278"
3.7666666666666666,404,Human,3,7,4,775,-3.7666666666666666,"-3.764223777170116,-3.7727839342743597,-3.770289851292013,-3.7353817223280914"
5.55,405,Human,0,0,2,776,-5.55,"-5.562331985255969,-5.80731367465339,-5.637045513273883,-5.679670323571335"
3.9833333333333334,406,Human,0,7,10,777,-3.9833333333333334,"-3.9571311501354143,-4.210389581370388,-4.292323004757031,-4.308700501636939"
2.3333333333333335,407,Human,0,0,3,778,-2.3333333333333335,"-2.2930862130773604,-2.5646329981562994,-2.582224034570865,-2.301891891129046"
2.75,408,Human,0,7,9,779,-2.75,"-2.758896987113018,-2.8897086441084716,-2.9497674519771917,-3.011344468442525"
5.683333333333334,412,Human,3,1,10,780,-5.683333333333334,"-5.661803916791518,-5.659724993206373,-5.660126673398148,-5.644987058271683"
1.8333333333333333,415,Human,0,4,4,783,-1.8333333333333333,"-2.736266061496278,-2.9097039159059013,-2.9333420777304977,-2.9595449558711557"
4.316666666666666,416,Human,0,7,10,784,-4.316666666666666,"-4.483647756435753,-4.895917566994973,-4.869088226185696,-4.886125816137158"
3.6166666666666667,417,Human,0,7,4,786,-3.6166666666666667,"-3.6468531457118973,-3.647922791074609,-3.646868816086292,-3.646951058722326"
1.5333333333333334,418,Human,1,0,23,787,-1.5333333333333334,"-1.7369560184068749,-1.573507322667805,-1.7450311779166994,-1.9343259589160755"
4.016666666666667,419,Human,0,7,10,788,-4.016666666666667,"-3.887889485905963,-4.0553203100463175,-4.213389671423698,-4.203927168303606"
4.383333333333334,420,Human,1,11,3,789,-4.383333333333334,"-4.443670551587202,-4.390699538124917,-4.437367887133959,-4.433516324199832"
5.3,421,Human,0,0,2,794,-5.3,"-5.3441680336043005,-5.575550362907155,-5.594775281157106,-5.552203656904668"
5.55,422,Human,0,0,5,794,-5.55,"-5.573611269280452,-5.682444270402766,-5.604650779117268,-5.9858373886061305"
4.316666666666666,423,Human,1,11,3,794,-4.316666666666666,"-4.532994284920536,-4.313028754195734,-4.403581237891845,-4.334282190866499"
5.533333333333333,424,Human,0,0,5,796,-5.533333333333333,"-5.552336443360598,-5.667244270402766,-5.870250779117268,-5.981830069090997"
2.1333333333333333,425,Human,3,0,3,797,-2.1333333333333333,"-2.3324493994437283,-2.2557912476953743,-2.277780043213581,-2.0878405160530225"
5.333333333333333,427,Human,1,0,5,801,-5.333333333333333,"-6.009353034812602,-5.334563580876478,-6.387984112450601,-6.133517388606131"
4.4,430,Human,1,1,1,803,-4.4,"-4.764094820083964,-4.4680219961373755,-4.605961800582264,-4.598181151055471"
1.9333333333333333,432,Human,3,0,3,805,-1.9333333333333333,"-2.4702795195549827,-2.5446329981563,-2.5655573679041983,-1.911740379652307"
6.833333333333333,433,Human,0,0,5,807,-6.833333333333333,"-6.829700901226751,-7.135600091191061,-7.120939165301719,-7.19412419537459"
8.2,434,Human,3,0,5,807,-8.2,"-6.772169415779879,-6.934709847694634,-6.802256498635051,-6.7529892620412575"
6.85,435,Human,0,0,2,811,-6.85,"-6.822825182498683,-6.996971975162818,-6.998460224925685,-6.912674925523735"
6.416666666666667,438,Human,0,17,5,816,-6.416666666666667,"-6.492416122662294,-6.504479645008351,-6.4978613224435415,-6.673881649954728"
3.4833333333333334,439,Human,3,71,2,816,-3.4833333333333334,"-3.701024473707836,-3.841045877242186,-3.7914833204700167,-3.4753946820795045"
6.333333333333333,441,Human,0,17,5,818,-6.333333333333333,"-6.331475546069797,-6.3381575182986785,-6.342512465836009,-6.336177804132924"
6.383333333333334,442,Human,0,0,2,818,-6.383333333333334,"-6.51220290445365,-6.577692078102167,-6.632752179940549,-6.768834925523735"
3.0833333333333335,443,Human,0,4,20,820,-3.0833333333333335,"-3.0739087977765345,-3.1007883907865845,-3.2605761652523615,-3.2101087558263885"
1.7333333333333334,445,Human,1,0,61,822,-1.7333333333333334,"-2.0111487200207003,-1.6034103663848809,-2.7209431976042078,-2.114716489907698"
2.6166666666666667,446,Human,0,0,62,824,-2.6166666666666667,"-2.6073332199358132,-2.775257994460469,-2.908834082477717,-2.973547394638927"
3.5166666666666666,447,Human,0,72,20,832,-3.5166666666666666,"-3.5906250272297253,-3.9414072856747575,-3.99490408333332,-4.008698428227735"
1.6,448,Human,0,73,2,833,-1.6,"-1.5996462521376944,-1.9106750115452948,-1.7118149318762783,-1.7497385131158296"
3.466666666666667,449,Human,3,8,63,840,-3.466666666666667,"-3.472168406750167,-3.4892424890410343,-3.5026007526478153,-3.457041405277877"
4.133333333333334,452,Human,0,4,20,852,-4.133333333333334,"-4.145031320291643,-4.2440036560827314,-4.164768745761512,-4.298642349649778"
3.6333333333333333,453,Human,0,4,4,853,-3.6333333333333333,"-3.6495337961088214,-3.6547336580489564,-3.6496161646253906,-3.8150687717575402"
2.9166666666666665,454,Human,1,8,65,856,-2.9166666666666665,"-2.912773138837144,-2.864471787701417,-2.9017973460803534,-2.927268139319957"
5.133333333333334,456,Human,3,1,1,860,-5.133333333333334,"-5.124718980914241,-5.120785822344775,-5.087780486616317,-5.0673039473546995"
3.1,458,Human,0,13,39,861,-3.1,"-2.965925891789531,-2.974837449202817,-3.139931592507413,-3.0668895757006913"
2.783333333333333,459,Human,0,7,9,861,-2.783333333333333,"-3.0266748514332606,-3.123289048620111,-3.3015472949150872,-3.1018844598032156"
5.5,460,Human,0,74,10,862,-5.5,"-5.504671556307141,-5.584482121807153,-5.57213027507965,-5.592030944242391"
7.533333333333333,461,Human,0,1,10,862,-7.533333333333333,"-8.076007608448887,-8.273816497257847,-8.22361421829267,-8.236091566613329"
5.866666666666666,462,Human,2,1,10,864,-5.866666666666666,"-7.862409516705055,-7.866283058632782,-7.292477387933727,-7.774044109427619"
5.066666666666666,463,Human,3,1,1,866,-5.066666666666666,"-5.064847097495357,-5.0233560244260484,-5.026803982408565,-4.9949269935416964"
4.016666666666667,464,Human,0,75,1,869,-4.016666666666667,"-3.997619067297223,-4.1789167774859415,-4.029071245736169,-4.25789748665485"
3.6666666666666665,465,Human,1,7,1,870,-3.6666666666666665,"-3.894557338671233,-3.659300377525369,-3.8083686195833413,-3.7713229446182863"
5.033333333333333,466,Human,3,1,1,870,-5.033333333333333,"-5.0486905887931846,-5.041664199877001,-5.042184113452192,-5.002368515619017"
5.066666666666666,469,Human,2,4,2,875,-5.066666666666666,"-5.190022378982629,-5.170312760459843,-5.116905928567091,-5.208820722137236"
4.966666666666667,470,Human,3,1,1,876,-4.966666666666667,"-4.972741943861566,-4.970172822136166,-4.97238626872061,-4.9525630207473315"
3.2666666666666666,471,Human,1,4,4,877,-3.2666666666666666,"-3.271082854051003,-3.2196600180303707,-3.4750322342754387,-3.8159026313635915"
4.633333333333334,472,Human,0,4,12,878,-4.633333333333334,"-4.848368893041067,-4.899200760303309,-4.899342531608668,-4.923486334451295"
2.1666666666666665,473,Human,2,67,67,884,-2.1666666666666665,"-2.3959999328276087,-2.3554002812568005,-2.2210516236985907,-2.359223019420206"
4.183333333333334,474,Human,0,17,5,887,-4.183333333333334,"-5.195392359683985,-5.195429527806661,-5.1954393273012816,-5.197106337838289"
3.3,476,Human,0,8,68,889,-3.3,"-3.3159393757511375,-3.3539529920537565,-3.39442332625678,-3.3818555551178315"
8.0,477,Human,0,1,10,890,-8.0,"-7.22811010108534,-7.751236560596512,-7.745786218231371,-7.764532179342816"
4.783333333333333,478,Human,2,1,1,892,-4.783333333333333,"-4.800169533572877,-4.764932297914441,-4.7108527844944375,-4.819869598609753"
6.016666666666667,480,Human,1,1,1,894,-6.016666666666667,"-4.904094487283964,-4.8008737697290025,-4.831326034659999,-4.851066394219239"
3.066666666666667,481,Human,1,0,4,895,-3.066666666666667,"-3.0746728601654403,-3.065813454953483,-3.0740920427383647,-3.375739847159898"
2.8833333333333333,482,Human,1,11,69,895,-2.8833333333333333,"-2.87525422215958,-2.8535877397344276,-2.963095551779477,-3.3914307195772952"
3.033333333333333,483,Human,0,8,70,896,-3.033333333333333,"-3.0251719707193274,-3.0542293557307736,-3.1625506104575747,-3.0603258028913514"
4.983333333333333,484,Human,2,1,1,896,-4.983333333333333,"-5.06232106304786,-4.897551191501961,-4.841580466012167,-5.000142875799555"
5.266666666666667,485,Human,1,0,5,897,-5.266666666666667,"-5.950382771903579,-5.2729887814907945,-5.914778196774251,-5.912018289633007"
5.1,486,Human,2,4,5,898,-5.1,"-5.096247669446775,-5.101362592810745,-5.064421198593014,-5.110176073538942"
3.95,488,Human,0,76,20,899,-3.95,"-3.555559689846377,-4.193147334085265,-4.154420323931837,-4.099141102573787"
4.866666666666666,489,Human,3,1,1,899,-4.866666666666666,"-5.099244925104955,-5.160548130693463,-5.181208153005429,-5.035128131987737"
5.05,490,Human,2,4,5,900,-5.05,"-5.085217183964347,-5.0781748037483645,-5.043486842517474,-5.092702024171767"
3.433333333333333,491,Human,0,77,10,901,-3.433333333333333,"-3.419613090124797,-3.6991716801609464,-3.523786742693463,-3.5373356827459133"
1.2166666666666666,493,Human,1,0,12,902,-1.2166666666666666,"-1.974306947847402,-1.9459529493005647,-1.99164787898264,-2.1619121407211264"
6.4,494,Human,2,0,5,903,-6.4,"-6.40503496031968,-6.429528342073799,-6.391354475457235,-6.43990010296634"
7.283333333333333,495,Human,2,0,2,904,-7.283333333333333,"-6.128332986914251,-6.071301211744416,-6.054837906679479,-6.118665807085654"
6.5,496,Human,1,0,2,905,-6.5,"-6.536460716930516,-6.4955388514185985,-6.60045982410365,-6.703229007085654"
6.366666666666666,497,Human,2,4,5,905,-6.366666666666666,"-5.041201193041465,-5.048235890277217,-5.027587739797785,-5.335570448777414"
4.916666666666667,498,Human,2,4,5,907,-4.916666666666667,"-5.623128756129393,-5.620650337927055,-5.02738160209397,-5.745436539895567"
