travel_time,id,kind,action,origin,destination,start_time,reward,cost_table
3.05,663,AV,0,7,9,1220,4.188769841269841,"0,0,0,0"
2.6333333333333333,152,AV,0,16,12,286,4.188769841269841,"0,0,0,0"
5.033333333333333,273,AV,3,16,9,481,4.188769841269841,"0,0,0,0"
6.066666666666666,145,AV,2,11,3,269,4.188769841269841,"0,0,0,0"
6.233333333333333,73,AV,3,4,16,152,4.188769841269841,"0,0,0,0"
5.166666666666667,61,AV,2,1,1,134,4.188769841269841,"0,0,0,0"
2.8666666666666667,173,AV,1,0,3,320,4.188769841269841,"0,0,0,0"
6.783333333333333,320,AV,0,36,16,579,4.188769841269841,"0,0,0,0"
9.033333333333333,616,AV,2,4,84,1124,4.188769841269841,"0,0,0,0"
4.033333333333333,589,AV,1,17,16,1075,4.188769841269841,"0,0,0,0"
3.466666666666667,301,AV,0,4,20,533,4.188769841269841,"0,0,0,0"
5.633333333333334,457,AV,2,17,5,861,4.188769841269841,"0,0,0,0"
3.966666666666667,129,AV,0,4,20,245,4.188769841269841,"0,0,0,0"
6.366666666666666,489,AV,1,1,1,899,4.188769841269841,"0,0,0,0"
5.866666666666666,319,AV,3,8,48,578,4.188769841269841,"0,0,0,0"
8.2,422,AV,2,0,5,794,4.188769841269841,"0,0,0,0"
2.3833333333333333,285,AV,1,49,3,507,4.188769841269841,"0,0,0,0"
5.166666666666667,526,AV,3,1,1,964,4.188769841269841,"0,0,0,0"
5.316666666666666,567,AV,2,1,1,1046,4.188769841269841,"0,0,0,0"
7.466666666666667,519,AV,1,81,2,944,4.188769841269841,"0,0,0,0"
8.55,461,AV,0,1,10,862,4.188769841269841,"0,0,0,0"
5.716666666666667,84,AV,1,11,3,171,4.188769841269841,"0,0,0,0"
5.333333333333333,633,AV,0,16,9,1158,4.188769841269841,"0,0,0,0"
3.316666666666667,40,AV,0,0,3,88,4.188769841269841,"0,0,0,0"
5.183333333333334,456,AV,1,1,1,860,4.188769841269841,"0,0,0,0"
3.1,343,AV,1,57,15,653,4.188769841269841,"0,0,0,0"
4.383333333333334,643,AV,1,11,4,1173,4.188769841269841,"0,0,0,0"
5.816666666666666,264,AV,1,4,20,458,4.188769841269841,"0,0,0,0"
2.816666666666667,26,AV,3,13,11,72,4.188769841269841,"0,0,0,0"
5.866666666666666,98,AV,2,4,3,192,4.188769841269841,"0,0,0,0"
2.1333333333333333,244,AV,3,4,10,423,4.188769841269841,"0,0,0,0"
2.9166666666666665,617,AV,2,4,85,1126,4.188769841269841,"0,0,0,0"
6.0,630,AV,1,16,9,1157,4.188769841269841,"0,0,0,0"
4.016666666666667,21,AV,3,10,5,58,4.188769841269841,"0,0,0,0"
1.4333333333333333,290,AV,0,16,45,516,4.188769841269841,"0,0,0,0"
8.833333333333334,621,AV,3,17,86,1133,4.188769841269841,"0,0,0,0"
4.233333333333333,44,AV,3,4,3,93,4.188769841269841,"0,0,0,0"
8.683333333333334,191,AV,3,17,36,340,4.188769841269841,"0,0,0,0"
2.9166666666666665,508,AV,0,0,3,922,4.188769841269841,"0,0,0,0"
3.2333333333333334,561,AV,3,16,5,1024,4.188769841269841,"0,0,0,0"
4.75,478,AV,1,1,1,892,4.188769841269841,"0,0,0,0"
5.333333333333333,303,AV,0,4,5,536,4.188769841269841,"0,0,0,0"
3.6333333333333333,198,AV,0,13,37,348,4.188769841269841,"0,0,0,0"
1.0333333333333334,640,AV,0,97,3,1173,4.188769841269841,"0,0,0,0"
6.683333333333334,474,AV,3,17,5,887,4.188769841269841,"0,0,0,0"
5.833333333333333,695,AV,1,11,2,1263,4.188769841269841,"0,0,0,0"
5.416666666666667,537,AV,1,4,5,984,4.188769841269841,"0,0,0,0"
3.9166666666666665,101,AV,1,25,10,197,4.188769841269841,"0,0,0,0"
4.783333333333333,514,AV,3,24,10,931,4.188769841269841,"0,0,0,0"
5.85,381,AV,2,62,2,721,4.188769841269841,"0,0,0,0"
3.0166666666666666,445,AV,3,0,61,822,4.188769841269841,"0,0,0,0"
3.5,366,AV,1,7,9,691,4.188769841269841,"0,0,0,0"
4.45,353,AV,2,7,9,678,4.188769841269841,"0,0,0,0"
4.433333333333334,116,AV,0,7,9,228,4.188769841269841,"0,0,0,0"
4.166666666666667,178,AV,0,8,9,326,4.188769841269841,"0,0,0,0"
3.55,365,AV,3,7,4,688,4.188769841269841,"0,0,0,0"
3.0833333333333335,454,AV,3,8,65,856,4.188769841269841,"0,0,0,0"
6.35,552,AV,2,11,5,1007,4.188769841269841,"0,0,0,0"
3.45,321,AV,1,39,9,588,4.188769841269841,"0,0,0,0"
4.166666666666667,443,AV,2,4,20,820,4.188769841269841,"0,0,0,0"
6.416666666666667,614,AV,2,4,3,1123,4.188769841269841,"0,0,0,0"
5.75,39,AV,0,4,3,86,4.188769841269841,"0,0,0,0"
6.583333333333333,509,AV,1,0,5,923,4.188769841269841,"0,0,0,0"
5.85,99,AV,1,1,1,194,4.188769841269841,"0,0,0,0"
5.7,352,AV,3,7,10,676,4.188769841269841,"0,0,0,0"
1.7833333333333334,280,AV,3,47,20,495,4.188769841269841,"0,0,0,0"
4.6,364,AV,2,17,5,686,4.188769841269841,"0,0,0,0"
5.716666666666667,131,AV,3,16,10,246,4.188769841269841,"0,0,0,0"
5.216666666666667,455,AV,0,4,3,859,4.188769841269841,"0,0,0,0"
5.583333333333333,584,AV,3,11,5,1066,4.188769841269841,"0,0,0,0"
4.75,1,AV,3,1,1,5,4.188769841269841,"0,0,0,0"
7.433333333333334,619,AV,2,17,20,1131,4.188769841269841,"0,0,0,0"
5.266666666666667,528,AV,1,1,1,968,4.188769841269841,"0,0,0,0"
4.816666666666666,470,AV,3,1,1,876,4.188769841269841,"0,0,0,0"
2.7333333333333334,62,AV,2,16,5,135,4.188769841269841,"0,0,0,0"
7.566666666666666,214,AV,2,16,10,377,4.188769841269841,"0,0,0,0"
3.966666666666667,595,AV,1,4,3,1085,4.188769841269841,"0,0,0,0"
3.066666666666667,411,AV,0,7,9,780,4.188769841269841,"0,0,0,0"
5.95,574,AV,3,11,5,1055,4.188769841269841,"0,0,0,0"
6.6,506,AV,1,0,5,920,4.188769841269841,"0,0,0,0"
4.6,58,AV,1,7,10,131,4.188769841269841,"0,0,0,0"
5.283333333333333,232,AV,3,4,20,399,4.188769841269841,"0,0,0,0"
5.0,306,AV,1,11,20,546,4.188769841269841,"0,0,0,0"
7.016666666666667,642,AV,0,4,3,1173,4.188769841269841,"0,0,0,0"
4.283333333333333,153,AV,3,16,27,288,4.188769841269841,"0,0,0,0"
5.366666666666666,332,AV,3,7,10,614,4.188769841269841,"0,0,0,0"
6.45,510,AV,3,0,72,923,4.188769841269841,"0,0,0,0"
5.133333333333334,566,AV,3,1,1,1044,4.188769841269841,"0,0,0,0"
5.883333333333334,141,AV,2,11,3,267,4.188769841269841,"0,0,0,0"
3.316666666666667,32,AV,3,0,12,80,4.188769841269841,"0,0,0,0"
4.133333333333334,276,AV,1,16,44,483,4.188769841269841,"0,0,0,0"
3.7,186,AV,3,21,35,335,4.188769841269841,"0,0,0,0"
3.5833333333333335,367,AV,1,7,58,692,4.188769841269841,"0,0,0,0"
6.1,655,AV,0,64,20,1208,4.188769841269841,"0,0,0,0"
5.3,15,AV,3,4,3,37,4.188769841269841,"0,0,0,0"
4.1,658,AV,2,11,65,1212,4.188769841269841,"0,0,0,0"
3.033333333333333,481,AV,0,0,4,895,4.188769841269841,"0,0,0,0"
3.55,111,AV,3,26,3,221,4.188769841269841,"0,0,0,0"
4.783333333333333,262,AV,3,1,1,455,4.188769841269841,"0,0,0,0"
6.266666666666667,136,AV,2,11,3,260,4.188769841269841,"0,0,0,0"
6.45,550,AV,2,11,5,1004,4.188769841269841,"0,0,0,0"
5.8,142,AV,2,4,3,267,4.188769841269841,"0,0,0,0"
3.2,185,AV,0,16,12,335,4.188769841269841,"0,0,0,0"
5.383333333333334,599,AV,1,4,3,1092,4.188769841269841,"0,0,0,0"
2.466666666666667,348,AV,3,58,3,674,4.188769841269841,"0,0,0,0"
5.866666666666666,612,AV,2,92,2,1119,4.188769841269841,"0,0,0,0"
0.55,327,AV,0,16,5,606,4.188769841269841,"0,0,0,0"
6.566666666666666,498,AV,0,4,5,907,4.188769841269841,"0,0,0,0"
3.8,583,AV,3,1,81,1065,4.188769841269841,"0,0,0,0"
5.55,571,AV,2,4,5,1052,4.188769841269841,"0,0,0,0"
6.783333333333333,291,AV,3,16,10,517,4.188769841269841,"0,0,0,0"
4.966666666666667,553,AV,0,0,2,1007,4.188769841269841,"0,0,0,0"
3.9,675,AV,0,7,91,1235,4.188769841269841,"0,0,0,0"
8.3,175,AV,0,4,33,323,4.188769841269841,"0,0,0,0"
7.35,462,AV,1,1,10,864,4.188769841269841,"0,0,0,0"
4.333333333333333,229,AV,1,16,5,396,4.188769841269841,"0,0,0,0"
4.6,626,AV,2,11,3,1144,4.188769841269841,"0,0,0,0"
4.666666666666667,165,AV,1,16,30,305,4.188769841269841,"0,0,0,0"
6.216666666666667,83,AV,0,11,3,169,4.188769841269841,"0,0,0,0"
3.2,337,AV,2,54,1,622,4.188769841269841,"0,0,0,0"
6.083333333333333,505,AV,2,1,1,918,4.188769841269841,"0,0,0,0"
3.716666666666667,414,AV,0,7,4,782,4.188769841269841,"0,0,0,0"
6.116666666666666,632,AV,2,4,3,1158,4.188769841269841,"0,0,0,0"
5.383333333333334,326,AV,1,16,10,603,4.188769841269841,"0,0,0,0"
3.4166666666666665,3,AV,2,0,3,11,4.188769841269841,"0,0,0,0"
5.683333333333334,349,AV,3,7,10,675,4.188769841269841,"0,0,0,0"
3.4,372,AV,1,7,9,696,4.188769841269841,"0,0,0,0"
3.066666666666667,610,AV,2,91,1,1117,4.188769841269841,"0,0,0,0"
4.566666666666666,184,AV,1,11,3,335,4.188769841269841,"0,0,0,0"
8.433333333333334,557,AV,1,17,3,1014,4.188769841269841,"0,0,0,0"
8.483333333333333,680,AV,2,99,10,1243,4.188769841269841,"0,0,0,0"
5.483333333333333,606,AV,0,1,1,1107,4.188769841269841,"0,0,0,0"
6.733333333333333,426,AV,0,8,16,798,4.188769841269841,"0,0,0,0"
5.65,410,AV,1,0,5,780,4.188769841269841,"0,0,0,0"
5.816666666666666,699,AV,0,4,3,1275,4.188769841269841,"0,0,0,0"
5.45,689,AV,2,7,9,1247,4.188769841269841,"0,0,0,0"
5.5,469,AV,1,4,2,875,4.188769841269841,"0,0,0,0"
7.066666666666666,575,AV,3,1,10,1056,4.188769841269841,"0,0,0,0"
4.333333333333333,399,AV,2,7,9,770,4.188769841269841,"0,0,0,0"
4.466666666666667,233,AV,0,4,20,400,4.188769841269841,"0,0,0,0"
3.3833333333333333,294,AV,1,7,4,522,4.188769841269841,"0,0,0,0"
3.8833333333333333,483,AV,1,8,70,896,4.188769841269841,"0,0,0,0"
4.9,287,AV,3,21,4,512,4.188769841269841,"0,0,0,0"
7.416666666666667,522,AV,3,1,10,955,4.188769841269841,"0,0,0,0"
4.983333333333333,53,AV,3,17,5,119,4.188769841269841,"0,0,0,0"
3.85,400,AV,0,7,4,772,4.188769841269841,"0,0,0,0"
4.966666666666667,608,AV,2,17,5,1110,4.188769841269841,"0,0,0,0"
5.316666666666666,485,AV,1,0,5,897,4.188769841269841,"0,0,0,0"
2.7333333333333334,492,AV,0,0,52,901,4.188769841269841,"0,0,0,0"
4.883333333333334,192,AV,0,11,3,340,4.188769841269841,"0,0,0,0"
6.683333333333334,649,AV,2,4,3,1192,4.188769841269841,"0,0,0,0"
5.733333333333333,46,AV,0,11,13,96,4.188769841269841,"0,0,0,0"
6.8,159,AV,0,4,3,293,4.188769841269841,"0,0,0,0"
3.9166666666666665,661,AV,3,7,1,1217,4.188769841269841,"0,0,0,0"
5.366666666666666,421,AV,0,0,2,794,4.188769841269841,"0,0,0,0"
5.516666666666667,124,AV,3,7,10,236,4.188769841269841,"0,0,0,0"
4.983333333333333,573,AV,3,1,1,1055,4.188769841269841,"0,0,0,0"
4.7,125,AV,1,7,9,238,4.188769841269841,"0,0,0,0"
4.283333333333333,694,AV,2,0,93,1259,4.188769841269841,"0,0,0,0"
3.816666666666667,598,AV,1,88,5,1091,4.188769841269841,"0,0,0,0"
3.0833333333333335,18,AV,2,9,8,56,4.188769841269841,"0,0,0,0"
5.533333333333333,188,AV,0,16,9,337,4.188769841269841,"0,0,0,0"
5.5,536,AV,0,55,5,981,4.188769841269841,"0,0,0,0"
8.116666666666667,203,AV,3,0,2,355,4.188769841269841,"0,0,0,0"
7.166666666666667,94,AV,3,4,3,188,4.188769841269841,"0,0,0,0"
6.033333333333333,628,AV,0,4,3,1152,4.188769841269841,"0,0,0,0"
5.666666666666667,344,AV,3,0,53,667,4.188769841269841,"0,0,0,0"
6.383333333333334,438,AV,3,17,5,816,4.188769841269841,"0,0,0,0"
4.883333333333334,527,AV,0,1,1,966,4.188769841269841,"0,0,0,0"
2.1333333333333333,104,AV,1,0,12,203,4.188769841269841,"0,0,0,0"
5.466666666666667,429,AV,0,0,5,803,4.188769841269841,"0,0,0,0"
3.5166666666666666,502,AV,2,0,3,911,4.188769841269841,"0,0,0,0"
6.2,413,AV,3,1,4,782,4.188769841269841,"0,0,0,0"
3.5,666,AV,3,7,9,1223,4.188769841269841,"0,0,0,0"
2.9,47,AV,3,15,1,101,4.188769841269841,"0,0,0,0"
4.433333333333334,89,AV,2,4,3,181,4.188769841269841,"0,0,0,0"
5.166666666666667,308,AV,2,17,5,548,4.188769841269841,"0,0,0,0"
5.483333333333333,382,AV,0,11,3,726,4.188769841269841,"0,0,0,0"
5.183333333333334,297,AV,2,17,5,525,4.188769841269841,"0,0,0,0"
4.466666666666667,119,AV,0,7,10,231,4.188769841269841,"0,0,0,0"
5.35,592,AV,0,4,5,1080,4.188769841269841,"0,0,0,0"
4.933333333333334,132,AV,0,11,3,248,4.188769841269841,"0,0,0,0"
7.416666666666667,135,AV,3,4,3,258,4.188769841269841,"0,0,0,0"
6.566666666666666,611,AV,0,4,3,1118,4.188769841269841,"0,0,0,0"
5.183333333333334,224,AV,1,11,3,386,4.188769841269841,"0,0,0,0"
7.25,402,AV,3,0,5,775,4.188769841269841,"0,0,0,0"
5.8,36,AV,0,11,3,82,4.188769841269841,"0,0,0,0"
5.166666666666667,64,AV,2,1,1,136,4.188769841269841,"0,0,0,0"
4.883333333333334,440,AV,0,1,1,817,4.188769841269841,"0,0,0,0"
5.733333333333333,548,AV,3,83,1,1003,4.188769841269841,"0,0,0,0"
2.466666666666667,35,AV,2,14,3,82,4.188769841269841,"0,0,0,0"
5.1,206,AV,0,4,20,359,4.188769841269841,"0,0,0,0"
5.716666666666667,246,AV,3,16,10,424,4.188769841269841,"0,0,0,0"
5.5,255,AV,2,17,5,450,4.188769841269841,"0,0,0,0"
4.383333333333334,295,AV,1,11,20,524,4.188769841269841,"0,0,0,0"
5.883333333333334,100,AV,2,11,3,195,4.188769841269841,"0,0,0,0"
2.7,171,AV,3,0,3,317,4.188769841269841,"0,0,0,0"
4.1,371,AV,0,22,9,695,4.188769841269841,"0,0,0,0"
5.216666666666667,282,AV,2,1,1,500,4.188769841269841,"0,0,0,0"
5.1,394,AV,2,70,3,752,4.188769841269841,"0,0,0,0"
4.883333333333334,480,AV,0,1,1,894,4.188769841269841,"0,0,0,0"
5.6,563,AV,1,4,52,1033,4.188769841269841,"0,0,0,0"
2.783333333333333,126,AV,1,8,21,238,4.188769841269841,"0,0,0,0"
3.8833333333333333,118,AV,1,7,4,230,4.188769841269841,"0,0,0,0"
5.483333333333333,122,AV,1,7,10,234,4.188769841269841,"0,0,0,0"
5.2,55,AV,3,18,2,127,4.188769841269841,"0,0,0,0"
8.466666666666667,433,AV,3,0,5,807,4.188769841269841,"0,0,0,0"
3.433333333333333,637,AV,0,0,3,1164,4.188769841269841,"0,0,0,0"
3.1166666666666667,268,AV,1,0,3,464,4.188769841269841,"0,0,0,0"
6.466666666666667,442,AV,1,0,2,818,4.188769841269841,"0,0,0,0"
1.2333333333333334,493,AV,1,0,12,902,4.188769841269841,"0,0,0,0"
11.516666666666667,176,AV,2,0,16,324,4.188769841269841,"0,0,0,0"
3.933333333333333,357,AV,2,0,3,680,4.188769841269841,"0,0,0,0"
5.166666666666667,674,AV,1,7,4,1233,4.188769841269841,"0,0,0,0"
1.4166666666666667,418,AV,1,0,23,787,4.188769841269841,"0,0,0,0"
6.766666666666667,102,AV,0,4,3,199,4.188769841269841,"0,0,0,0"
7.433333333333334,169,AV,2,4,31,308,4.188769841269841,"0,0,0,0"
5.116666666666666,334,AV,0,7,10,616,4.188769841269841,"0,0,0,0"
5.1,466,AV,1,1,1,870,4.188769841269841,"0,0,0,0"
4.633333333333334,193,AV,2,11,4,342,4.188769841269841,"0,0,0,0"
3.3333333333333335,335,AV,0,53,52,616,4.188769841269841,"0,0,0,0"
5.616666666666666,194,AV,2,1,10,343,4.188769841269841,"0,0,0,0"
6.433333333333334,496,AV,0,0,2,905,4.188769841269841,"0,0,0,0"
4.05,6,AV,1,4,4,13,4.188769841269841,"0,0,0,0"
3.1666666666666665,679,AV,3,0,12,1241,4.188769841269841,"0,0,0,0"
6.866666666666666,603,AV,0,11,3,1100,4.188769841269841,"0,0,0,0"
4.95,342,AV,1,56,10,652,4.188769841269841,"0,0,0,0"
4.533333333333333,684,AV,3,11,3,1244,4.188769841269841,"0,0,0,0"
4.5,217,AV,1,11,40,380,4.188769841269841,"0,0,0,0"
7.816666666666666,512,AV,3,0,5,930,4.188769841269841,"0,0,0,0"
3.7,404,AV,0,7,4,775,4.188769841269841,"0,0,0,0"
3.816666666666667,113,AV,0,7,4,225,4.188769841269841,"0,0,0,0"
3.0,52,AV,3,0,12,112,4.188769841269841,"0,0,0,0"
4.8,329,AV,3,7,9,610,4.188769841269841,"0,0,0,0"
3.7333333333333334,256,AV,0,11,20,450,4.188769841269841,"0,0,0,0"
6.5,444,AV,0,1,10,822,4.188769841269841,"0,0,0,0"
5.816666666666666,227,AV,1,38,10,390,4.188769841269841,"0,0,0,0"
5.016666666666667,490,AV,2,4,5,900,4.188769841269841,"0,0,0,0"
2.816666666666667,317,AV,3,0,3,572,4.188769841269841,"0,0,0,0"
4.65,535,AV,0,11,3,978,4.188769841269841,"0,0,0,0"
5.766666666666667,196,AV,2,11,3,347,4.188769841269841,"0,0,0,0"
4.0,350,AV,0,4,40,676,4.188769841269841,"0,0,0,0"
3.8333333333333335,664,AV,1,4,12,1220,4.188769841269841,"0,0,0,0"
5.216666666666667,231,AV,0,11,3,399,4.188769841269841,"0,0,0,0"
6.8,151,AV,2,11,3,285,4.188769841269841,"0,0,0,0"
4.8,292,AV,3,7,1,521,4.188769841269841,"0,0,0,0"
4.566666666666666,673,AV,1,4,3,1232,4.188769841269841,"0,0,0,0"
4.0,377,AV,1,7,10,710,4.188769841269841,"0,0,0,0"
3.966666666666667,77,AV,2,21,17,158,4.188769841269841,"0,0,0,0"
7.5,183,AV,2,17,3,332,4.188769841269841,"0,0,0,0"
5.483333333333333,296,AV,3,4,5,524,4.188769841269841,"0,0,0,0"
3.6,449,AV,1,8,63,840,4.188769841269841,"0,0,0,0"
6.166666666666667,274,AV,0,4,5,481,4.188769841269841,"0,0,0,0"
3.6333333333333333,453,AV,1,4,4,853,4.188769841269841,"0,0,0,0"
5.8,234,AV,2,4,20,402,4.188769841269841,"0,0,0,0"
5.966666666666667,562,AV,0,11,2,1029,4.188769841269841,"0,0,0,0"
5.433333333333334,235,AV,2,4,20,403,4.188769841269841,"0,0,0,0"
4.25,14,AV,2,1,1,33,4.188769841269841,"0,0,0,0"
3.5166666666666666,672,AV,0,7,90,1231,4.188769841269841,"0,0,0,0"
4.666666666666667,534,AV,1,82,1,976,4.188769841269841,"0,0,0,0"
6.15,313,AV,1,0,2,562,4.188769841269841,"0,0,0,0"
5.15,218,AV,1,8,9,381,4.188769841269841,"0,0,0,0"
5.283333333333333,7,AV,1,4,3,15,4.188769841269841,"0,0,0,0"
3.05,459,AV,0,7,9,861,4.188769841269841,"0,0,0,0"
7.0,564,AV,0,1,10,1039,4.188769841269841,"0,0,0,0"
5.5,645,AV,1,4,3,1176,4.188769841269841,"0,0,0,0"
5.816666666666666,615,AV,0,0,2,1124,4.188769841269841,"0,0,0,0"
5.333333333333333,37,AV,3,0,2,82,4.188769841269841,"0,0,0,0"
6.316666666666666,499,AV,1,0,2,907,4.188769841269841,"0,0,0,0"
1.9666666666666666,622,AV,3,93,2,1139,4.188769841269841,"0,0,0,0"
2.783333333333333,401,AV,0,7,9,774,4.188769841269841,"0,0,0,0"
5.55,696,AV,1,4,3,1265,4.188769841269841,"0,0,0,0"
5.133333333333334,230,AV,3,4,4,398,4.188769841269841,"0,0,0,0"
8.083333333333334,652,AV,3,17,3,1198,4.188769841269841,"0,0,0,0"
4.283333333333333,671,AV,2,7,9,1230,4.188769841269841,"0,0,0,0"
5.866666666666666,182,AV,0,16,10,331,4.188769841269841,"0,0,0,0"
7.716666666666667,504,AV,2,0,5,913,4.188769841269841,"0,0,0,0"
6.966666666666667,681,AV,0,100,10,1243,4.188769841269841,"0,0,0,0"
5.133333333333334,283,AV,1,4,20,500,4.188769841269841,"0,0,0,0"
3.45,174,AV,0,8,32,323,4.188769841269841,"0,0,0,0"
8.05,0,Human,0,0,0,5,-8.05,"-8.047352011953263,-8.062058988610056,-8.186570362714294,-8.251075539580144"
0.65,2,Human,0,2,2,11,-0.65,"-0.6499999999999999,-1.310544909108352,-3.4010860355661343,-6.968603352067967"
3.1,4,Human,0,3,3,11,-3.1,"-3.1000076580418474,-3.1683255567086244,-3.1551294962592342,-3.1659062906602538"
5.416666666666667,5,Human,1,4,3,12,-5.416666666666667,"-5.470280232826317,-5.43336102000122,-5.451380522184152,-5.457061905136974"
5.4,8,Human,1,4,3,17,-5.4,"-5.675069328840292,-5.40802674985923,-5.6813234630031,-5.55866454460608"
2.4833333333333334,9,Human,0,5,2,25,-2.4833333333333334,"-2.4833333333333347,-2.4878079568255824,-2.611374817835558,-2.543484582751748"
5.15,10,Human,1,4,3,26,-5.15,"-5.274498662173626,-5.128317126796462,-5.255245437069147,-5.264894301123188"
5.166666666666667,11,Human,1,4,3,28,-5.166666666666667,"-5.249296210457787,-5.16775836141979,-5.266793089912738,-5.206938588547892"
2.85,12,Human,3,0,3,30,-2.85,"-2.8829808073634657,-2.9917063985250394,-3.005779227656692,-2.850005017195117"
4.566666666666666,13,Human,0,6,5,31,-4.566666666666666,"-4.5666663122058395,-4.6729365010799135,-4.719364025560223,-4.812945524358051"
0.8666666666666667,16,Human,0,7,6,39,-0.8666666666666667,"-0.8666666666666653,-1.050407967362611,-1.9828099562359145,-1.7689318636021725"
1.7,17,Human,0,8,7,55,-1.7,"-1.702682408862598,-1.8413539313493574,-1.759112963543949,-2.4700871133190496"
4.116666666666666,19,Human,0,8,9,57,-4.116666666666666,"-4.119362221697974,-4.157984659201784,-4.177554225468446,-4.158037162338768"
4.65,20,Human,1,4,3,57,-4.65,"-4.721267196405567,-4.645933988639269,-4.740294129669768,-4.731052295214558"
3.3,22,Human,0,11,4,60,-3.3,"-3.300000059453479,-3.303678076899065,-3.509711212501158,-3.5743471609732764"
4.1,23,Human,2,7,9,61,-4.1,"-4.109780379231074,-4.183677234493498,-4.107117681726422,-4.239312080940725"
4.166666666666667,24,Human,1,12,10,69,-4.166666666666667,"-4.522648615192058,-4.339319143263014,-4.816280494425326,-4.447311862597107"
2.8333333333333335,25,Human,1,11,3,72,-2.8333333333333335,"-3.0028407475301133,-2.8333340451263407,-3.0853057565718864,-2.9147564857476467"
4.366666666666666,27,Human,1,11,3,73,-4.366666666666666,"-4.470630236855002,-4.383374297489331,-4.480014658917447,-4.687175726026532"
4.3,28,Human,1,11,3,75,-4.3,"-4.380563851682476,-4.309082734963466,-4.3777135310405,-4.364965007032253"
3.9,29,Human,2,11,2,77,-3.9,"-4.433193411087114,-4.380828902442636,-3.9027148478852496,-4.3915982153955895"
4.4,30,Human,1,4,3,77,-4.4,"-4.699996661050363,-4.389654077114989,-4.481951244275677,-4.486557347424266"
4.383333333333334,31,Human,1,11,3,79,-4.383333333333334,"-4.507905218253868,-4.396619652966289,-4.651842925584115,-4.724465657533165"
4.35,33,Human,1,4,3,81,-4.35,"-4.412423995506959,-4.347312054080149,-4.443551244275676,-4.412230017613666"
3.4166666666666665,34,Human,2,13,4,82,-3.4166666666666665,"-3.4694152671003606,-3.4475044227626253,-3.4166482639351914,-3.5103755025984476"
4.25,38,Human,1,4,3,83,-4.25,"-4.32258332771703,-4.233324258922847,-4.412600995420542,-4.313219211272746"
4.25,41,Human,1,11,3,89,-4.25,"-4.591403570188335,-4.263328930502068,-4.380743214031473,-4.581030923228903"
4.233333333333333,42,Human,1,11,3,91,-4.233333333333333,"-4.310121129402085,-4.2227006559548395,-4.363143214031473,-4.56449758989557"
6.516666666666667,43,Human,0,11,2,92,-6.516666666666667,"-6.5345753557202215,-6.68835195395411,-6.54684547558603,-6.55478389721463"
4.2,45,Human,1,11,3,94,-4.2,"-4.330787796068751,-4.202711881045267,-4.338209880698139,-4.54153758989557"
2.6666666666666665,48,Human,2,4,4,101,-2.6666666666666665,"-3.6125113688816057,-3.618145473239235,-2.6690742328202925,-3.7291026313635913"
5.3,49,Human,1,4,3,105,-5.3,"-5.376249810457787,-5.292137578261952,-5.363548998179404,-5.325383188140299"
0.9666666666666667,50,Human,0,16,5,106,-0.9666666666666667,"-0.9666659743550594,-1.694644092338159,-1.0860939048045422,-1.2390377173187488"
5.25,51,Human,1,4,3,109,-5.25,"-5.316621650457787,-5.266775497214846,-5.286558840996857,-5.312306089840581"
4.683333333333334,54,Human,0,7,10,125,-4.683333333333334,"-4.664656988946126,-4.689080858371398,-4.705917656377833,-4.715381734642885"
3.75,56,Human,3,7,4,128,-3.75,"-3.766694871809042,-3.7724110333504655,-3.7727577080568304,-3.752695150114563"
4.383333333333334,57,Human,3,1,1,129,-4.383333333333334,"-5.2418202203028645,-5.247052438629661,-5.241823005397131,-4.383553466323881"
3.933333333333333,59,Human,1,1,1,132,-3.933333333333333,"-4.655951809950631,-3.936009260176351,-4.603181426679038,-4.6106018264055075"
4.933333333333334,60,Human,1,4,3,133,-4.933333333333334,"-4.9490805297389,-4.932798852863574,-4.995718129669767,-4.956979047603984"
4.333333333333333,63,Human,0,7,10,136,-4.333333333333333,"-4.335320902771097,-4.547320489661639,-4.451281705812712,-4.5865017346428845"
4.383333333333334,65,Human,2,7,9,139,-4.383333333333334,"-4.366396189705412,-4.404970207803839,-4.327371110853897,-4.4084071209407245"
2.8333333333333335,66,Human,0,19,12,140,-2.8333333333333335,"-2.8333333360487245,-2.973406744180754,-2.905609668464305,-2.953249561307605"
2.85,67,Human,0,20,3,141,-2.85,"-2.844307633497114,-2.8640737475517786,-3.2576528477481705,-2.9369418206447446"
3.6,68,Human,3,7,4,141,-3.6,"-3.6082994344759287,-3.6087038237694955,-3.6111647144590804,-3.602650925632697"
4.3,69,Human,0,8,9,142,-4.3,"-4.350641051687346,-4.625608787503483,-4.746409448502224,-4.600686332692906"
0.75,70,Human,0,13,14,149,-0.75,"-0.7500033927136587,-1.550674985616997,-1.550975105665016,-1.713744489876584"
4.25,71,Human,0,8,9,149,-4.25,"-4.2315265819611705,-4.255210984379353,-4.337345143961112,-4.533646332692905"
2.4833333333333334,72,Human,1,8,15,150,-2.4833333333333334,"-2.588415356642938,-2.4883469527224955,-2.6597545195183905,-2.5089307917379196"
4.55,74,Human,1,4,3,154,-4.55,"-4.699063327717031,-4.566634746453593,-4.639814129669767,-4.5937127752145575"
4.933333333333334,75,Human,2,13,4,154,-4.933333333333334,"-4.9305587999446985,-4.93600973721701,-4.920265860149085,-4.956008260643433"
4.483333333333333,76,Human,1,4,3,155,-4.483333333333333,"-4.58263914379112,-4.483411683999262,-4.559314327724254,-4.556046780937319"
4.05,78,Human,0,22,9,160,-4.05,"-4.04462595906967,-4.100645940748166,-4.075691204662434,-4.145427991130311"
2.566666666666667,79,Human,0,4,18,160,-2.566666666666667,"-2.558998666169635,-4.891784827263223,-3.1181637241457145,-2.6475873308116133"
5.966666666666667,80,Human,1,11,3,164,-5.966666666666667,"-6.040504189484,-5.9182539065579345,-6.0902516569801435,-6.012403405249791"
4.266666666666667,81,Human,1,11,3,166,-4.266666666666667,"-4.446072654603095,-4.2723754176798785,-4.572443656980143,-4.458463524199832"
1.9333333333333333,82,Human,0,23,2,167,-1.9333333333333333,"-1.9383158723584506,-1.9513537635111777,-1.9625206950973335,-1.9656281290549342"
4.333333333333333,85,Human,1,11,3,172,-4.333333333333333,"-5.234527857177661,-4.338627165906633,-5.269481680373834,-5.161442040993894"
2.8333333333333335,86,Human,1,11,4,176,-2.8333333333333335,"-2.866372407902118,-2.8334057514534736,-3.0176390156264468,-3.148727243521583"
5.566666666666666,87,Human,1,11,3,178,-5.566666666666666,"-5.607900428641301,-5.566483241039822,-5.668828880452587,-5.622525757324423"
4.216666666666667,88,Human,1,11,3,179,-4.216666666666667,"-5.600285142145981,-4.226323347768252,-5.634103014639256,-5.618955564171668"
5.633333333333334,90,Human,1,11,3,181,-5.633333333333334,"-5.731876233345981,-5.591890704786778,-5.841426410965735,-5.606395940821226"
5.05,91,Human,1,0,2,181,-5.05,"-5.216267231039865,-4.9706949746880955,-5.188019343952439,-5.293723940418987"
4.05,92,Human,1,4,3,183,-4.05,"-4.245489994383698,-4.044395295282855,-4.276680995420541,-4.341208969018197"
4.033333333333333,93,Human,1,4,3,186,-4.033333333333333,"-5.67311449531446,-4.025554599775766,-5.7007682797242545,-5.684684176323188"
2.066666666666667,95,Human,0,24,19,189,-2.066666666666667,"-2.0723821227309447,-2.209103243313164,-2.187372674051622,-3.1657627485839543"
5.416666666666667,96,Human,1,4,3,189,-5.416666666666667,"-5.581101139492984,-5.425959230113456,-5.558802839724255,-5.6006249885478905"
5.416666666666667,97,Human,1,4,3,191,-5.416666666666667,"-5.575053328840292,-5.457464032954206,-5.557606807724254,-5.533912086838312"
2.933333333333333,103,Human,0,0,3,201,-2.933333333333333,"-2.9333304342918387,-2.9943563427114874,-2.9751387057002834,-2.933329861985378"
5.2,105,Human,1,4,3,204,-5.2,"-5.374167302692984,-5.204069811924281,-5.344491794979405,-5.524022321881226"
8.316666666666666,106,Human,2,17,3,204,-8.316666666666666,"-8.396823305027016,-8.39900402310293,-8.295115814822182,-8.341051832438113"
5.116666666666666,107,Human,1,4,3,212,-5.116666666666666,"-5.274156661050364,-5.122716258835967,-5.319027662087208,-5.570904544606079"
4.4,108,Human,0,4,20,213,-4.4,"-4.376446752684267,-4.817549591532852,-4.637035412428179,-4.630602937062223"
6.033333333333333,109,Human,2,1,10,220,-6.033333333333333,"-6.046907687888417,-6.049297495829667,-6.030482361155313,-6.046288289843552"
4.3,110,Human,0,4,20,221,-4.3,"-4.276328742243661,-4.4128036560827315,-4.615302079094846,-4.4898029370622226"
4.55,112,Human,0,7,9,223,-4.55,"-4.550399351838165,-4.64154391822683,-4.614426434975317,-4.671356027607393"
4.966666666666667,114,Human,1,4,3,226,-4.966666666666667,"-5.399447995506957,-4.959437853898375,-5.582742129669766,-5.428067211272746"
5.6,115,Human,0,7,10,226,-5.6,"-5.596696913899632,-5.6049361820462344,-5.624020109836544,-5.607756602963652"
7.933333333333334,117,Human,3,17,3,229,-7.933333333333334,"-8.010524120990887,-8.149910689769598,-7.941896017335145,-7.912564503121004"
3.65,120,Human,3,7,4,233,-3.65,"-3.838976539246664,-3.820783411100883,-3.821720813871641,-3.6369321234820275"
4.8,121,Human,1,4,3,233,-4.8,"-5.611378129738902,-4.812413958008368,-5.660774129669767,-5.763445769018197"
4.2,123,Human,0,0,21,235,-4.2,"-4.199898565157962,-4.312181948819889,-4.202133374460072,-4.4574128721674455"
5.616666666666666,127,Human,0,27,2,240,-5.616666666666666,"-5.6216805090429265,-5.638549603673906,-5.793865167664306,-5.77688188307369"
5.333333333333333,128,Human,1,16,10,245,-5.333333333333333,"-5.527260640600695,-5.343285744040946,-5.49006044242669,-5.554988327570315"
3.6166666666666667,130,Human,1,17,22,245,-3.6166666666666667,"-3.653483307424996,-3.6221685859228367,-3.6552286622282937,-3.666624995271177"
4.166666666666667,133,Human,3,16,9,248,-4.166666666666667,"-4.453731725734062,-4.2321777147893,-4.430711649003802,-4.164000243525674"
4.383333333333334,134,Human,1,11,3,249,-4.383333333333334,"-4.407430582349143,-3.767476244672302,-4.424407904558512,-4.419924857533165"
3.45,137,Human,0,28,9,261,-3.45,"-3.437284743558374,-3.5112904978825097,-3.4521173969986174,-3.622040051009091"
1.7,138,Human,1,0,23,262,-1.7,"-1.867491757378107,-1.702699846953359,-1.9393991779166992,-1.9343259589160755"
1.3666666666666667,139,Human,0,29,3,264,-1.3666666666666667,"-1.3693774978087843,-1.5285910764593815,-1.6644014933547213,-1.4952748702072622"
3.316666666666667,140,Human,3,4,24,265,-3.316666666666667,"-3.341223558068004,-3.293270688549494,-3.4930796625216507,-3.0947062651466193"
1.8666666666666667,143,Human,0,30,25,268,-1.8666666666666667,"-1.8638749853870664,-1.9846679529637634,-1.978320422366211,-1.9758795296376293"
5.616666666666666,144,Human,1,4,3,269,-5.616666666666666,"-5.942469843032898,-5.4094355335525615,-5.7398936516561525,-5.955996438838314"
4.433333333333334,146,Human,0,11,26,271,-4.433333333333334,"-4.382199930715188,-4.753392101695778,-4.7424925593242895,-4.729946130361178"
5.583333333333333,147,Human,1,11,3,272,-5.583333333333333,"-5.616732951587201,-5.54997824312391,-5.681141058917448,-5.637401636821226"
6.983333333333333,148,Human,0,4,16,280,-6.983333333333333,"-6.9908672839857635,-7.057387095098745,-7.0446593472905725,-7.058287353605593"
4.433333333333334,149,Human,1,1,1,281,-4.433333333333334,"-4.56262779703499,-4.433318216020762,-4.47902739110046,-4.478388237626078"
4.0,150,Human,1,11,3,283,-4.0,"-4.343721129402085,-3.973959048033797,-4.493009880698139,-4.544798071916456"
4.15,154,Human,0,11,28,289,-4.15,"-4.119290907990596,-4.850910787837092,-5.014325382760736,-4.918390066147698"
4.783333333333333,155,Human,3,16,9,289,-4.783333333333333,"-4.803866075778006,-4.833976838498107,-4.802962254557534,-4.783313789525754"
4.916666666666667,156,Human,0,8,9,292,-4.916666666666667,"-4.9035509665000285,-4.929768787503484,-5.275100892135113,-4.930579666026239"
4.45,157,Human,1,4,29,292,-4.45,"-5.4992306488970595,-4.431334610444617,-5.517594214316342,-5.559951049160871"
0.9,158,Human,0,31,2,293,-0.9,"-0.9000002514854444,-1.4011332970913348,-1.7062506211988038,-1.9857952828359569"
5.383333333333334,160,Human,1,4,3,295,-5.383333333333334,"-5.544194662173624,-5.341348681507791,-5.481320995420541,-5.53429654460608"
5.283333333333333,161,Human,1,4,3,296,-5.283333333333333,"-5.5205999955069585,-5.268348216682264,-5.585062129669766,-5.48402454460608"
5.166666666666667,162,Human,1,4,3,298,-5.166666666666667,"-5.350153596405567,-5.164548245924964,-5.3430034630031,-5.302259211272747"
5.05,163,Human,1,11,3,299,-5.05,"-4.949155107936427,-4.044173142556559,-5.1505674604672915,-4.9315197381545595"
3.75,164,Human,1,11,3,301,-3.75,"-4.845553401269761,-3.7116067550035803,-4.860332367133958,-4.860467459359866"
4.833333333333333,166,Human,2,17,5,305,-4.833333333333333,"-4.83649372810632,-4.836266926778637,-4.832953197121757,-4.835564419478832"
4.45,167,Human,3,32,9,306,-4.45,"-4.497534616974297,-4.573573917120231,-4.478522192923247,-4.463893325063825"
1.5833333333333333,168,Human,0,33,9,307,-1.5833333333333333,"-1.5729580087763715,-1.612625312984603,-1.8481491385365594,-1.7171344573708183"
2.533333333333333,170,Human,0,0,3,315,-2.533333333333333,"-2.536220690872311,-2.621299664822966,-2.6388907012375316,-2.601693943629895"
4.833333333333333,172,Human,1,4,3,320,-4.833333333333333,"-5.003143327717031,-4.837807404971716,-5.025854328753875,-4.974557347424266"
1.7333333333333334,177,Human,1,4,34,324,-1.7333333333333334,"-1.7872495279012681,-1.6693420827955656,-1.821290999399029,-1.9538150986422718"
3.25,179,Human,0,34,10,329,-3.25,"-3.2444465910415423,-3.249738574960875,-3.317765868430252,-3.340348900443691"
5.683333333333334,180,Human,0,8,9,329,-5.683333333333334,"-5.686867468687125,-5.7209802932166705,-5.754856561134835,-5.737502909873617"
4.183333333333334,181,Human,0,8,9,330,-4.183333333333334,"-4.176397265607168,-4.914218957335563,-4.869154225468446,-5.012828833871015"
4.583333333333333,187,Human,1,11,3,336,-4.583333333333333,"-4.781723570188335,-4.515572614610062,-4.728674571225179,-4.5866952993598655"
5.683333333333334,189,Human,1,16,10,338,-5.683333333333334,"-5.896688084271919,-5.676714440274508,-6.042048886366695,-6.305212595161948"
3.816666666666667,190,Human,3,1,1,339,-3.816666666666667,"-4.681131573312468,-4.680358642317547,-4.68760304630807,-3.809410502005104"
3.7333333333333334,195,Human,0,1,1,346,-3.7333333333333334,"-3.7212175665371796,-3.8849247004162555,-3.9091400836241257,-3.8880238009946506"
6.083333333333333,197,Human,2,0,2,347,-6.083333333333333,"-6.202916055347773,-6.217902723475616,-6.078064502500931,-6.154666201868152"
4.216666666666667,199,Human,1,11,3,351,-4.216666666666667,"-4.352654462735418,-4.22746651443191,-4.545083656980143,-4.334694991487893"
4.35,200,Human,1,4,3,351,-4.35,"-4.698263327717031,-4.324798802362765,-4.470751244275676,-4.678077347424266"
4.15,201,Human,1,11,3,353,-4.15,"-4.520787796068752,-4.168744251154138,-4.676301237891845,-4.500284256562236"
4.066666666666666,202,Human,0,4,20,354,-4.066666666666666,"-4.857904001569334,-5.694070761086819,-5.506934142611134,-5.606215746416549"
3.5,204,Human,0,4,20,356,-3.5,"-4.754627890198642,-5.227188484198155,-5.204290131163227,-5.22819917635402"
5.0,205,Human,0,4,20,357,-5.0,"-5.0447568038583785,-5.195746339892949,-5.296858664496561,-5.170756703775859"
3.1666666666666665,207,Human,1,4,38,362,-3.1666666666666665,"-3.2233900445294106,-3.1686999768659145,-3.4851333311284263,-3.259798540895992"
4.15,208,Human,1,11,3,366,-4.15,"-4.291854462735419,-4.141669323319158,-4.30460988069814,-4.496150923228903"
4.983333333333333,209,Human,0,4,20,368,-4.983333333333333,"-4.942503372975486,-5.266731471914359,-5.228342397829895,-5.244769879719823"
3.1166666666666667,210,Human,1,35,3,370,-3.1166666666666667,"-3.104115162860479,-3.1004976268537243,-3.1087957287960815,-3.1094970927673082"
3.9833333333333334,211,Human,1,11,3,374,-3.9833333333333334,"-4.346121129402086,-3.972595087464345,-4.472727904558512,-4.446648738583122"
3.316666666666667,212,Human,0,36,20,375,-3.316666666666667,"-3.2758388688056734,-3.396464296192039,-3.7138780101297377,-3.393477156367387"
4.716666666666667,213,Human,1,0,39,376,-4.716666666666667,"-5.02222795170094,-4.717024579551764,-5.013713280408951,-4.842944834577792"
6.35,215,Human,3,1,10,378,-6.35,"-6.362466173682034,-6.368833899204312,-6.365815092269589,-6.345325218214825"
4.75,216,Human,2,11,2,379,-4.75,"-5.013121595855773,-4.919862493399951,-4.765524395329054,-5.055923779615876"
5.216666666666667,219,Human,1,11,3,382,-5.216666666666667,"-5.283589077983452,-5.223386309807081,-5.301654647705921,-5.298514730403286"
4.15,220,Human,1,1,1,382,-4.15,"-4.2110120848472565,-4.139949008304621,-4.18480619382527,-4.18385862718737"
2.0833333333333335,221,Human,3,37,41,383,-2.0833333333333335,"-2.0760709101261337,-2.083183896981352,-2.1046362255317463,-2.0596037634708537"
6.466666666666667,222,Human,0,8,9,383,-6.466666666666667,"-6.466678564887157,-6.624561357335563,-6.6733873803747565,-6.613521919590127"
5.183333333333334,223,Human,1,11,3,384,-5.183333333333334,"-5.235821281015809,-5.185882716717179,-5.332897858917448,-5.262368345190315"
4.316666666666666,225,Human,0,11,20,387,-4.316666666666666,"-3.8141614732955422,-4.4349831673374895,-4.477168572413848,-4.485452740363533"
5.15,226,Human,1,11,3,389,-5.15,"-5.15956295899101,-5.109482887406447,-5.134110171016056,-5.13208689178426"
4.4,228,Human,0,4,20,395,-4.4,"-4.505683119378471,-4.65045625819952,-4.69045499660921,-4.714599213053156"
4.35,236,Human,0,4,20,411,-4.35,"-4.404461219849023,-4.689949591532852,-4.6314354124281785,-4.631628546386489"
5.783333333333333,237,Human,1,4,5,412,-5.783333333333333,"-6.0759484802273,-5.753895709134813,-6.1637775886645025,-6.311461918293192"
2.966666666666667,238,Human,0,39,9,413,-2.966666666666667,"-2.974667534103721,-3.303257628413727,-3.0753505106578274,-3.0705195518092046"
1.9,239,Human,0,40,20,413,-1.9,"-1.8974504782767667,-2.0169693449734107,-1.980248130929838,-2.026189810697498"
4.15,240,Human,0,41,2,414,-4.15,"-4.139335664736339,-4.2956924604024485,-4.201588324236404,-4.3326892257147644"
7.166666666666667,241,Human,0,4,2,414,-7.166666666666667,"-6.213512361842052,-6.854882640851262,-6.939644538113315,-6.877541583124823"
4.2,242,Human,0,42,20,418,-4.2,"-4.68841491663901,-5.358104767646369,-5.3115660944472065,-5.252084159695081"
4.633333333333334,243,Human,1,11,3,419,-4.633333333333334,"-4.67596127819741,-4.60763477898914,-4.676101553732587,-4.672970449899986"
5.183333333333334,245,Human,0,4,20,423,-5.183333333333334,"-5.202644003528862,-5.594205006559616,-5.725471997829894,-5.679000970442526"
4.533333333333333,247,Human,1,11,3,427,-4.533333333333333,"-4.487222161879314,-4.457589136978714,-4.477462208299068,-4.493465137165585"
2.9166666666666665,248,Human,0,43,20,429,-2.9166666666666665,"-2.9159099200366705,-3.661226828574483,-3.2219525569075724,-3.3077912953172635"
3.6666666666666665,249,Human,0,11,20,429,-3.6666666666666665,"-3.614235804394507,-3.8865289591718617,-3.8170273821839755,-3.7476615734846863"
5.133333333333334,250,Human,1,16,10,434,-5.133333333333334,"-5.458508640600695,-5.136230185965175,-5.475303820608018,-5.407796742796225"
2.1,251,Human,3,0,3,435,-2.1,"-2.1072889734394007,-2.2557912476953743,-2.277780043213581,-2.084072532960276"
3.75,252,Human,0,11,20,438,-3.75,"-3.6753814081845477,-3.8930622925051948,-3.8774273821839755,-3.803128240151353"
4.616666666666666,253,Human,1,1,1,446,-4.616666666666666,"-4.684923089714528,-4.518024428272517,-4.553638683858611,-4.593600178314243"
4.75,254,Human,3,1,1,448,-4.75,"-4.905265687283965,-4.938507694777237,-4.868390172525942,-4.7226665723979435"
4.983333333333333,257,Human,1,1,42,450,-4.983333333333333,"-5.409361866756997,-5.01094589494317,-5.326537866347614,-5.251753222504606"
2.783333333333333,258,Human,0,11,4,451,-2.783333333333333,"-2.785003587683705,-3.7165291753459817,-4.059915074133927,-3.7007599753497176"
4.8,259,Human,3,1,1,452,-4.8,"-5.049068796381194,-5.013308755555591,-5.157746053910079,-4.766721164582644"
1.35,260,Human,0,31,2,453,-1.35,"-1.3446448066966983,-1.4011332970913348,-1.7062506211988038,-1.9857952828359569"
4.966666666666667,261,Human,0,11,2,453,-4.966666666666667,"-5.024693814908968,-5.408541820620775,-5.416601012557717,-5.464781288960818"
4.733333333333333,263,Human,0,4,20,456,-4.733333333333333,"-4.696181438645308,-4.923714339892949,-5.086038397829895,-5.076312970442526"
6.5,265,Human,0,4,5,459,-6.5,"-6.505774134625695,-6.527880312288124,-6.585325835284158,-6.525481421029783"
1.9,266,Human,0,44,20,462,-1.9,"-3.0481189838411575,-3.463676728844454,-3.467988558014999,-3.4518298196053085"
4.433333333333334,267,Human,1,21,4,462,-4.433333333333334,"-4.511548004014307,-4.420138920594695,-4.688189492256514,-4.644863331469377"
4.3,269,Human,0,21,43,465,-4.3,"-4.3000366177891305,-4.328962860537564,-4.363942662716525,-4.329472248011426"
6.3,270,Human,0,43,2,468,-6.3,"-4.866932179062607,-5.888268794687266,-5.914692054351446,-5.906355360546927"
1.0666666666666667,271,Human,1,45,10,474,-1.0666666666666667,"-1.2575271843319042,-1.066686636162202,-1.1276765711912289,-1.117757798536425"
3.9,272,Human,0,11,4,474,-3.9,"-3.896069802147556,-4.189975610905572,-4.334684509334075,-4.190704957245918"
1.25,275,Human,0,2,2,482,-1.25,"-1.2370721005342702,-1.310544909108352,-3.4010860355661343,-6.968603352067967"
5.816666666666666,277,Human,0,16,10,484,-5.816666666666666,"-5.798727655544348,-5.809230180120657,-5.919995553033362,-5.951066076129559"
2.6666666666666665,278,Human,0,46,3,487,-2.6666666666666665,"-2.684764560923078,-2.7293365818609665,-2.740374301407214,-2.774114187647702"
4.25,279,Human,3,1,1,491,-4.25,"-4.8225992421513455,-4.800588775537796,-4.789560977094451,-4.216571670146486"
5.266666666666667,281,Human,1,1,1,495,-5.266666666666667,"-5.277860550353103,-5.267528983873957,-5.268067712228175,-5.268130387021466"
1.3166666666666667,284,Human,0,48,3,504,-1.3166666666666667,"-1.3090878909539583,-1.3469472742300663,-1.9859290008299932,-1.3189111440112404"
3.9833333333333334,286,Human,3,1,1,508,-3.9833333333333334,"-5.092019265239588,-5.091224141086694,-5.095714330256459,-4.684267021533214"
4.433333333333334,288,Human,1,50,12,515,-4.433333333333334,"-4.6165812629074106,-4.465861979655887,-4.612088428971543,-4.658639318115086"
2.45,289,Human,0,22,20,515,-2.45,"-2.414093443767232,-2.5432133959415304,-2.5389206568156424,-2.545630961383834"
1.75,293,Human,0,16,46,521,-1.75,"-1.7667032025450946,-2.0578036231051096,-2.064405618074444,-2.0424836889399387"
4.116666666666666,298,Human,0,11,47,528,-4.116666666666666,"-4.063939482583133,-4.218276953650863,-4.126804677381443,-4.125977421086889"
5.116666666666666,299,Human,1,11,5,529,-5.116666666666666,"-5.178614321608639,-5.122928034841914,-5.155396699370947,-5.17045216231985"
2.066666666666667,300,Human,0,51,20,531,-2.066666666666667,"-2.070493059124401,-2.1732302320496233,-2.2546072032844817,-2.2275229711755116"
5.3,302,Human,0,4,5,534,-5.3,"-5.278671717674461,-5.305725206906514,-5.3583666977254945,-5.309611235203179"
3.6,304,Human,0,11,20,537,-3.6,"-3.7266612505482146,-4.139271867203326,-4.116128153011529,-4.126860740363533"
3.9166666666666665,305,Human,0,17,5,541,-3.9166666666666665,"-3.918803547775218,-3.974816494776457,-3.9791301016879035,-4.01303778265806"
3.4,307,Human,0,11,20,547,-3.4,"-3.5542558848452424,-3.9782158672033257,-3.975350857931078,-3.9739220736968663"
5.1,309,Human,2,11,5,549,-5.1,"-5.199522354006106,-5.2114768382338905,-5.075831513942402,-5.206859788642014"
6.366666666666666,310,Human,1,11,5,551,-6.366666666666666,"-6.387904268113856,-6.360932128943176,-6.3845390395939265,-6.412603365741832"
6.35,311,Human,2,4,5,552,-6.35,"-6.37291373242547,-6.363063071173627,-6.336421262184292,-6.373662735764931"
2.3833333333333333,312,Human,3,52,20,555,-2.3833333333333333,"-2.5004361516570404,-2.4820879111191667,-2.478918447873903,-2.327249695525892"
2.9166666666666665,314,Human,0,0,3,563,-2.9166666666666665,"-2.917195210607871,-2.9443152688016156,-2.9643242439852115,-2.933085510789587"
2.8666666666666667,315,Human,0,0,3,564,-2.8666666666666667,"-2.8598209197735964,-2.914548699335352,-2.901418904981515,-2.8897386943560566"
4.716666666666667,316,Human,3,0,2,565,-4.716666666666667,"-5.106574156328813,-5.156951363851082,-5.136784700669587,-4.6635869790444"
3.183333333333333,318,Human,0,11,20,573,-3.183333333333333,"-3.2825266592808457,-3.6627956258385286,-3.580627382183976,-3.6887282401513524"
2.216666666666667,322,Human,0,8,49,593,-2.216666666666667,"-2.2050563582461686,-2.2225160163186946,-2.3343725461963043,-2.242638412210223"
1.05,323,Human,0,4,50,593,-1.05,"-1.0538799567634616,-1.1702291682966428,-1.191131437525106,-1.192731740863894"
5.683333333333334,324,Human,0,4,5,599,-5.683333333333334,"-5.682201826817589,-5.693030856858744,-5.866268384461486,-5.69387021889103"
4.5,325,Human,3,17,5,600,-4.5,"-4.492179252891649,-4.493028984255884,-4.492681821310089,-4.483694181697178"
4.116666666666666,328,Human,0,7,10,607,-4.116666666666666,"-4.117383509773402,-4.7286866654103825,-4.6938870219321185,-4.689315521047641"
5.133333333333334,330,Human,0,7,10,611,-5.133333333333334,"-4.620534017881624,-4.990508310444433,-5.007536530260712,-5.024917234434448"
2.8833333333333333,331,Human,0,7,9,613,-2.8833333333333333,"-2.930061531911413,-3.801255409781465,-3.7477060770115544,-3.874941336795131"
2.75,333,Human,1,0,51,615,-2.75,"-3.7103038925921314,-3.506677805445239,-3.7104362714979744,-3.710446991786947"
3.933333333333333,336,Human,0,7,9,618,-3.933333333333333,"-3.941160290636148,-4.017629556450205,-4.111327558559517,-3.970625434509241"
3.566666666666667,338,Human,0,11,20,634,-3.566666666666667,"-3.565758145834042,-3.7894622925051955,-3.721827382183975,-3.6291282401513523"
4.2,339,Human,1,11,4,637,-4.2,"-4.199445675220856,-4.195635079981765,-4.312808970000926,-4.199377382393994"
3.6666666666666665,340,Human,0,55,20,645,-3.6666666666666665,"-3.6578756762371274,-3.921257963781626,-3.8496300355246498,-3.941187244185508"
5.183333333333334,341,Human,0,17,5,645,-5.183333333333334,"-5.191933825910948,-5.245036341661021,-5.331565532968893,-5.353177991988203"
4.416666666666667,345,Human,0,7,10,667,-4.416666666666667,"-4.402868544920583,-4.582890914703722,-4.662637070472292,-4.7796750679762185"
5.766666666666667,346,Human,0,0,2,670,-5.766666666666667,"-5.780699653631192,-6.098194086482187,-5.931754995161952,-6.018968272335191"
4.3,347,Human,3,24,54,673,-4.3,"-4.718477123305258,-4.35218489564634,-4.768741102186946,-4.290083273832359"
5.6,351,Human,1,8,10,676,-5.6,"-5.8331610092941855,-5.610808488754023,-5.997670798162249,-6.001478730379175"
2.5,354,Human,0,0,3,679,-2.5,"-2.5021581288933805,-2.597966331489633,-2.6155573679041986,-2.518535847616538"
2.95,355,Human,0,7,55,680,-2.95,"-2.9621668581646317,-3.078335283429427,-3.0749090280777542,-3.0199920177830792"
4.033333333333333,356,Human,1,13,56,680,-4.033333333333333,"-4.094460817579683,-4.053658916832237,-4.096216691568611,-4.099503825734156"
2.433333333333333,358,Human,0,0,3,680,-2.433333333333333,"-2.43238146217853,-2.8677063985250397,-2.6155573679041986,-2.61633726508472"
7.05,359,Human,1,8,10,681,-7.05,"-7.148842508340233,-7.062710461062327,-7.135472881593925,-7.283678120776005"
2.466666666666667,360,Human,1,1,57,682,-2.466666666666667,"-2.500699124916391,-2.471795737091665,-2.5064551256902514,-2.513546723173527"
4.066666666666666,361,Human,0,7,10,684,-4.066666666666666,"-4.045131907109969,-4.291906976712985,-4.173725070472292,-4.346833834970272"
3.283333333333333,362,Human,0,59,10,686,-3.283333333333333,"-3.2838504862818167,-3.3021110595466405,-3.2933904623150014,-3.293004502379064"
4.05,363,Human,0,7,10,686,-4.05,"-4.057558647429355,-4.718420465096311,-4.722904569415148,-4.756982721047642"
2.0166666666666666,368,Human,0,47,2,693,-2.0166666666666666,"-2.026803816075983,-2.1016136043589504,-2.1307075746065167,-2.114600797704251"
2.35,369,Human,0,60,5,694,-2.35,"-2.3472017013845368,-2.3908462968445026,-2.4286263738155536,-2.5144636256230357"
4.0,370,Human,0,7,10,694,-4.0,"-4.025749620206837,-4.445222598429644,-4.4803544038056256,-4.471056401309552"
2.8,373,Human,0,7,9,697,-2.8,"-2.7950642291511576,-3.5205991024436045,-3.447902268745656,-3.593974507419247"
2.95,374,Human,0,7,9,699,-2.95,"-3.376487590921884,-3.896377019026831,-3.9118237270416496,-4.011688570095991"
2.183333333333333,375,Human,3,0,3,706,-2.183333333333333,"-2.2162983465488866,-2.2557912476953743,-2.277780043213581,-2.190092485182691"
4.0,376,Human,0,7,9,707,-4.0,"-4.008869814666025,-4.140283034741465,-4.211821058828448,-4.103600507607393"
5.033333333333333,378,Human,0,7,10,711,-5.033333333333333,"-5.1188073967246925,-5.581406665410381,-5.473910658435601,-5.535870187714308"
5.066666666666666,379,Human,0,17,5,714,-5.066666666666666,"-5.072126535248621,-5.4298025566569335,-5.440755265080259,-5.460477514234492"
1.1666666666666667,380,Human,0,61,2,715,-1.1666666666666667,"-1.154812432523382,-1.2191972212931248,-3.742237715820669,-1.2739179329039032"
3.6666666666666665,383,Human,2,63,5,726,-3.6666666666666665,"-4.140405272270286,-4.216677402293848,-3.6866599799974176,-4.200349007050619"
1.9166666666666667,384,Human,2,64,1,729,-1.9166666666666667,"-1.943780064884125,-1.9782943147597414,-1.9205451501836626,-1.9327576381146463"
4.183333333333334,385,Human,2,0,59,729,-4.183333333333334,"-4.236314797677543,-4.189172176536296,-4.186236896446097,-4.292947740016612"
5.4,386,Human,1,11,3,732,-5.4,"-5.5967281894840015,-5.394477531545708,-5.6242569903134765,-5.489422714154559"
1.2333333333333334,387,Human,1,65,2,733,-1.2333333333333334,"-1.5444927142923404,-1.240145931627155,-1.6445111665976686,-1.577538603634398"
2.8833333333333333,388,Human,0,66,1,736,-2.8833333333333333,"-2.8909639288474183,-2.9275272403236485,-3.133865423606448,-2.9509483386178093"
2.6333333333333333,389,Human,0,16,12,738,-2.6333333333333333,"-2.6343067098605237,-2.819846559098802,-2.7872145552245375,-2.949106552916343"
6.05,390,Human,2,4,5,741,-6.05,"-6.102505177811173,-6.120399522896739,-6.062811138973809,-6.109241413741931"
4.666666666666667,391,Human,1,67,5,746,-4.666666666666667,"-5.712649477189219,-4.660123888963198,-5.4427215507441264,-5.413021386320635"
2.433333333333333,392,Human,1,68,2,751,-2.433333333333333,"-2.4139392680671987,-2.408349961871083,-2.5262380888424483,-2.440662132902117"
0.85,393,Human,0,69,12,752,-0.85,"-0.8430361759000334,-2.1600544465446365,-1.3885305021936782,-1.3882303821456592"
0.6666666666666666,395,Human,0,16,5,752,-0.6666666666666666,"-0.6757840055944644,-1.694644092338159,-1.0860939048045422,-1.2390377173187488"
2.7666666666666666,396,Human,0,32,5,761,-2.7666666666666666,"-2.7688181091676456,-2.805264947562468,-2.793062892834124,-2.9127639899732394"
4.616666666666666,397,Human,2,17,5,767,-4.616666666666666,"-4.615210047555925,-4.615371884495742,-4.612016158656706,-4.6152676141973785"
3.7333333333333334,398,Human,3,7,4,769,-3.7333333333333334,"-3.7685182099772,-3.7656401348715365,-3.7719600489764846,-3.7337447582927603"
1.9333333333333333,403,Human,0,4,4,775,-1.9333333333333333,"-1.9335068155935997,-2.6882990440870462,-2.7558665955673773,-2.9868782892044896"
5.633333333333334,405,Human,0,0,2,776,-5.633333333333334,"-5.6667147767001245,-5.752384689985388,-6.123861477285772,-5.719830323571333"
3.966666666666667,406,Human,0,7,10,777,-3.966666666666667,"-3.993472732983879,-4.489452998429645,-4.5295864038056255,-4.546379067976218"
2.3333333333333335,407,Human,0,0,3,778,-2.3333333333333335,"-2.31921525458388,-2.5612996648229664,-2.5788907012375315,-2.3293602733276235"
2.7666666666666666,408,Human,0,7,9,779,-2.7666666666666666,"-2.779245618159843,-2.9418953107751387,-2.9497674519771917,-2.880408908087354"
3.75,409,Human,2,11,60,779,-3.75,"-3.8093481395437943,-3.8516133301495694,-3.6987714353109453,-3.8431497379369315"
5.683333333333334,412,Human,1,1,10,780,-5.683333333333334,"-5.703197269383464,-5.69063220170923,-5.702492124156562,-5.7009638574726065"
1.8333333333333333,415,Human,0,4,4,783,-1.8333333333333333,"-2.852384740028908,-3.2079236300907765,-3.206610644672632,-3.296302631363592"
4.3,416,Human,0,7,10,784,-4.3,"-4.319096450711104,-4.987603429595978,-5.018838175625695,-5.007740128109727"
3.4833333333333334,417,Human,3,7,4,786,-3.4833333333333334,"-3.6456216235467855,-3.6453914806825862,-3.6462613021736177,-3.480806774969093"
4.033333333333333,419,Human,0,7,10,788,-4.033333333333333,"-4.006268294808483,-4.522703518743715,-4.684276056377834,-4.606102721047642"
4.4,420,Human,1,11,3,789,-4.4,"-4.415946818253868,-4.3938387998295,-4.4438553123738345,-4.436461229752252"
4.316666666666666,423,Human,1,11,3,794,-4.316666666666666,"-4.379004951587202,-4.3101504926689325,-4.361432258917449,-4.342637734925585"
5.45,424,Human,0,0,5,796,-5.45,"-5.442075770510785,-6.018405218873798,-6.127984112450601,-6.31607738860613"
2.1,425,Human,3,0,3,797,-2.1,"-2.3345827327770614,-2.2557912476953743,-2.277780043213581,-2.090141763261347"
5.516666666666667,427,Human,0,0,5,801,-5.516666666666667,"-5.514205699386669,-6.280605797152304,-6.544271332241377,-6.5263707219394655"
5.45,428,Human,0,0,5,802,-5.45,"-5.442556510637957,-6.214926942896466,-6.3069472899604815,-6.217830069090997"
4.4,430,Human,1,1,1,803,-4.4,"-4.617789821104956,-4.400512002479245,-4.583272518496398,-4.622835633908423"
6.766666666666667,431,Human,0,0,5,804,-6.766666666666667,"-5.919825809218171,-6.75411935420396,-6.743403165301719,-6.742125910884906"
2.0,432,Human,3,0,3,805,-2.0,"-2.469852852888316,-2.5246329981563,-2.6055573679041983,-1.993715457219901"
6.85,434,Human,0,0,5,807,-6.85,"-6.835863047183271,-7.15996466332558,-7.0704185322413755,-7.056136577551571"
6.816666666666666,435,Human,0,0,2,811,-6.816666666666666,"-6.823646479724126,-7.021452566921644,-7.0615535582590185,-7.202178925523734"
6.6,436,Human,2,1,10,814,-6.6,"-6.630008197893312,-6.6320675628656645,-6.60845978415126,-7.0415129725797465"
4.4,437,Human,2,1,1,815,-4.4,"-4.769111036381194,-4.9039052310072995,-4.384623084916089,-4.736931940301474"
4.983333333333333,439,Human,3,71,2,816,-4.983333333333333,"-5.091441165055188,-5.2115739913184,-5.12963946008065,-4.982935931652536"
6.333333333333333,441,Human,0,17,5,818,-6.333333333333333,"-6.33090576391577,-6.728915655675017,-6.747923403470524,-6.722685299110072"
2.683333333333333,446,Human,0,0,62,824,-2.683333333333333,"-2.672463369102538,-2.737781592045816,-2.9121674158110498,-2.9506140613055933"
3.5166666666666666,447,Human,0,72,20,832,-3.5166666666666666,"-3.527745411229099,-4.0425938520064735,-4.135499586666656,-4.055461394065751"
1.6666666666666667,448,Human,0,73,2,833,-1.6666666666666667,"-1.625751075879562,-1.9106750115452948,-1.7051482652096115,-1.7497385131158296"
5.783333333333333,450,Human,0,17,5,851,-5.783333333333333,"-5.780693068271534,-6.196308622927104,-6.144029952015359,-6.0656164705843585"
1.25,451,Human,3,64,64,851,-1.25,"-1.9378395377179312,-1.3315253997066556,-1.3924256273283022,-1.252944169483717"
4.133333333333334,452,Human,0,4,20,852,-4.133333333333334,"-4.130128319226935,-4.245736989416065,-4.168102079094845,-4.3070156829831125"
2.966666666666667,458,Human,0,13,39,861,-2.966666666666667,"-2.966124496340552,-3.049650908695588,-3.1139315925074134,-3.0668895757006913"
5.5,460,Human,0,74,10,862,-5.5,"-5.5106852260437265,-5.586450121807153,-5.569223608412984,-5.592729610909058"
4.95,463,Human,3,1,1,866,-4.95,"-5.053811164367151,-5.0565238894777,-5.057208453942751,-4.983590578898222"
4.0,464,Human,0,75,1,869,-4.0,"-3.9960484833988152,-4.074148777485941,-4.031232138049769,-4.257230819988182"
3.7666666666666666,465,Human,1,7,1,870,-3.7666666666666666,"-3.894557338671233,-3.753516182733789,-3.8099686195833415,-3.7957229446182863"
5.35,467,Human,0,7,66,873,-5.35,"-5.37118015082989,-5.557000400658964,-5.813269184770935,-5.730278335443443"
2.4166666666666665,468,Human,1,21,39,874,-2.4166666666666665,"-2.4844589190262143,-2.4160301943957463,-2.5827949927271123,-2.52152616888368"
3.2666666666666666,471,Human,0,4,4,877,-3.2666666666666666,"-3.2288686652559404,-3.2614857406472604,-3.2644587709169275,-3.8111026313635916"
4.866666666666666,472,Human,0,4,12,878,-4.866666666666666,"-4.868742665034782,-4.892800366684023,-4.893857127422155,-4.910442217925451"
2.216666666666667,473,Human,2,67,67,884,-2.216666666666667,"-2.397403719149495,-2.4089048349628532,-2.2494679343043273,-2.3922754446688934"
5.45,475,Human,2,1,10,887,-5.45,"-7.431462714897292,-7.437247435046364,-5.449226143531863,-7.515615488345817"
3.316666666666667,476,Human,0,8,68,889,-3.316666666666667,"-3.3135775209247105,-3.3711833707204226,-3.3795395289234467,-3.3905501208942654"
6.95,477,Human,2,1,10,890,-6.95,"-7.580366071158118,-7.50925331188577,-6.700022666535059,-7.535619185072269"
3.8666666666666667,479,Human,3,8,0,894,-3.8666666666666667,"-3.9106656447235784,-3.912228871498881,-3.922871269684223,-3.8766924756776993"
2.933333333333333,482,Human,1,11,69,895,-2.933333333333333,"-2.9976063305886322,-2.967491584045028,-3.1172764414235816,-3.191430719577295"
6.266666666666667,484,Human,3,1,1,896,-6.266666666666667,"-6.651884988983301,-6.626726334496086,-6.546595644547008,-6.364382200906581"
5.05,486,Human,2,4,5,898,-5.05,"-5.09677860762929,-5.125194872107192,-5.035329414682731,-5.102447551638432"
5.383333333333334,487,Human,0,0,5,898,-5.383333333333334,"-5.386144949622041,-6.382627452897314,-6.633927653362818,-6.3197307219394645"
3.933333333333333,488,Human,0,76,20,899,-3.933333333333333,"-3.93544519232543,-4.604938596244206,-4.599657827931837,-4.623925148725697"
3.4166666666666665,491,Human,0,77,10,901,-3.4166666666666665,"-3.4728518125901227,-3.8784974166363395,-3.7584457019904836,-3.7610959036240517"
5.366666666666666,494,Human,0,0,5,903,-5.366666666666666,"-5.37289011315408,-6.485995554020464,-6.719518084170707,-6.456790738373073"
5.283333333333333,495,Human,0,0,2,904,-5.283333333333333,"-5.32578687556942,-6.322189764294376,-6.36163163350019,-6.244986873752321"
6.833333333333333,497,Human,0,4,5,905,-6.833333333333333,"-6.8293726163004,-6.879877166813861,-6.980242960189577,-6.983971835371767"
6.3,500,Human,2,4,5,908,-6.3,"-6.500614857069746,-6.49961552576479,-6.306941972232734,-6.686967302537414"
6.45,501,Human,1,0,5,911,-6.45,"-6.481334229781954,-6.19868166857445,-6.6308939566271485,-6.709175293039738"
7.75,503,Human,2,1,10,912,-7.75,"-7.734271591869094,-7.7993715785324,-7.577050091183906,-7.736770719201453"
2.95,507,Human,0,16,71,921,-2.95,"-2.9397494408141096,-3.0248840230116527,-3.030648799995161,-3.046109354036791"
1.55,511,Human,0,0,12,925,-1.55,"-1.5869436712733942,-1.7408729713345155,-1.7353931820616333,-1.9773901759014076"
3.0166666666666666,513,Human,1,78,5,931,-3.0166666666666666,"-3.0578356263871376,-3.0123789708684834,-3.050228695653928,-3.0208634724611647"
2.783333333333333,515,Human,0,0,3,932,-2.783333333333333,"-2.785105461838887,-2.9790397318583732,-2.984445894323359,-2.8348045318775763"
5.5,516,Human,1,1,73,938,-5.5,"-6.204242975743179,-5.55195878772836,-6.16597448882627,-6.215992159249238"
2.9833333333333334,517,Human,0,79,1,942,-2.9833333333333334,"-2.9832431944546838,-3.029813048950436,-3.305628727181185,-3.062854442964782"
1.9333333333333333,518,Human,0,80,3,942,-1.9333333333333333,"-1.9249707904652382,-1.9608867585108603,-1.9631386285053942,-2.00689555702667"
5.166666666666667,520,Human,0,1,1,948,-5.166666666666667,"-5.1976888406504305,-5.758589590776892,-5.629990263462597,-5.630005444884511"
5.483333333333333,521,Human,1,1,74,953,-5.483333333333333,"-5.840374901958142,-5.552780948971611,-5.840447034743548,-5.844385791642028"
7.333333333333333,523,Human,0,1,10,957,-7.333333333333333,"-7.331747372255153,-7.677641327026531,-7.381713039232491,-7.592093232464044"
5.866666666666666,524,Human,0,4,5,957,-5.866666666666666,"-5.863203721748848,-5.906222418296031,-5.920163530773542,-6.035390952768385"
2.95,525,Human,3,1,75,959,-2.95,"-3.1492241710083033,-3.237156611995933,-3.1890044700414966,-2.973163556491431"
5.616666666666666,529,Human,0,4,5,969,-5.616666666666666,"-5.613534996772435,-5.690956595211009,-5.747240525427215,-5.9102282861017175"
5.083333333333333,530,Human,3,1,1,970,-5.083333333333333,"-5.4080570125476415,-5.4463207941652385,-5.3961636456386985,-5.169110566034045"
4.35,531,Human,1,11,3,973,-4.35,"-4.452532601269762,-4.337197956877184,-4.447872990313476,-4.483221924199832"
5.066666666666666,532,Human,3,1,1,973,-5.066666666666666,"-5.753688425595959,-5.730180230317248,-5.7925618354782955,-5.200589118207763"
5.55,533,Human,0,0,2,974,-5.55,"-5.519961386231103,-6.2069178757045185,-6.1301475047819185,-6.181224258857068"
5.266666666666667,538,Human,0,11,2,984,-5.266666666666667,"-5.267824677648131,-5.357543444035802,-5.453908303716938,-5.494615391186511"
1.8666666666666667,539,Human,3,0,3,989,-1.8666666666666667,"-1.9420617493046604,-2.2557912476953743,-2.277780043213581,-1.8760974731397702"
5.283333333333333,540,Human,0,11,5,990,-5.283333333333333,"-5.285684457087112,-5.5323264012590245,-5.629786147912641,-5.47525222434431"
4.033333333333333,541,Human,1,11,3,994,-4.033333333333333,"-4.470656903521668,-4.020206811822116,-4.513101237891846,-4.439244256562237"
4.316666666666666,542,Human,1,11,4,999,-4.316666666666666,"-4.331171111101302,-4.314867649995259,-4.729044545834491,-4.331409599085025"
6.7,543,Human,2,1,10,1000,-6.7,"-7.264721468703641,-7.16044171229337,-6.701347566046579,-7.1023331441776065"
6.283333333333333,544,Human,1,11,5,1000,-6.283333333333333,"-6.358405218786414,-6.286906042913287,-6.345418875201426,-6.383375107173182"
6.566666666666666,545,Human,0,4,5,1002,-6.566666666666666,"-6.629290688195231,-6.691257044695722,-6.684674315595146,-6.681369205789398"
5.3,546,Human,2,11,5,1002,-5.3,"-6.29936627821191,-6.239147775456337,-5.389065608950151,-6.321167453401481"
5.783333333333333,547,Human,2,1,1,1002,-5.783333333333333,"-5.765945703063402,-5.792378807339579,-5.749198967614976,-5.76382927247263"
6.65,549,Human,2,1,10,1004,-6.65,"-7.263978763572672,-7.208192867516432,-6.658711111109496,-7.345036659033816"
6.466666666666667,551,Human,2,11,5,1005,-6.466666666666667,"-6.407237519447454,-6.525701786128519,-5.816790410630901,-6.41927036519104"
6.45,554,Human,0,0,2,1009,-6.45,"-6.441464178067197,-6.584278419894538,-6.485030114484192,-6.492017488427857"
2.65,555,Human,0,11,55,1010,-2.65,"-2.630100799031638,-2.7083797648188153,-2.717682959463962,-2.6979750188465292"
6.216666666666667,556,Human,1,0,2,1011,-6.216666666666667,"-6.266637430262048,-6.202505144241486,-6.367977592755435,-6.437928161494524"
4.566666666666666,558,Human,0,4,76,1016,-4.566666666666666,"-4.5760930732514975,-5.10025982109975,-4.749237860057666,-4.686484320986231"
2.6666666666666665,559,Human,2,84,1,1019,-2.6666666666666665,"-2.777236264159769,-3.0149226374854976,-2.68021161981551,-2.9219270338789864"
2.7333333333333334,560,Human,0,0,77,1020,-2.7333333333333334,"-2.707906943233478,-2.716564552480312,-2.729240144154983,-2.7813823706127523"
6.066666666666666,565,Human,2,1,10,1041,-6.066666666666666,"-6.9999010561089445,-6.985041628476594,-6.17368278229641,-6.98744997645215"
5.866666666666666,568,Human,0,4,5,1047,-5.866666666666666,"-5.852092912915401,-5.941901002475948,-6.028716220476117,-5.92527702153603"
6.883333333333334,569,Human,0,1,10,1048,-6.883333333333334,"-6.894464399447379,-7.182606029369964,-7.167610293685678,-7.0637443551059045"
2.95,570,Human,0,8,78,1050,-2.95,"-2.833393896179383,-2.9713842488909177,-2.938470778701088,-2.9852775613672975"
3.9833333333333334,572,Human,0,85,2,1054,-3.9833333333333334,"-3.984474272331686,-4.064323546821327,-4.0587821905021055,-4.282602298738359"
5.083333333333333,576,Human,3,1,1,1058,-5.083333333333333,"-5.236202515518038,-5.2400429434471425,-5.23168068505586,-5.114599567711519"
4.016666666666667,577,Human,1,21,79,1060,-4.016666666666667,"-4.089715088217428,-4.032663830166913,-4.109709877880598,-4.249314008942959"
4.433333333333334,578,Human,3,86,3,1061,-4.433333333333334,"-5.357084422898929,-5.170369127929259,-5.199793554419896,-4.455517309863016"
6.7,579,Human,0,1,10,1062,-6.7,"-6.788235268184284,-7.083092408767423,-7.06261189207001,-7.050523162721372"
1.5333333333333334,580,Human,0,21,80,1062,-1.5333333333333334,"-1.5261959556209796,-2.263168348692969,-2.166658297588294,-2.0090353347962657"
5.033333333333333,581,Human,1,1,1,1064,-5.033333333333333,"-5.047102340676164,-5.040948177480626,-5.069582581512682,-5.062490494972005"
4.7,582,Human,1,7,1,1064,-4.7,"-4.93667128392246,-4.87489467799531,-5.046390583200006,-5.031828017889037"
1.95,585,Human,3,0,3,1070,-1.95,"-2.224446671703063,-2.2557912476953743,-2.277780043213581,-1.9560742219469227"
4.516666666666667,586,Human,1,7,1,1070,-4.516666666666667,"-4.56902501369274,-4.514930197526443,-4.6862948956666735,-4.584650251448984"
2.683333333333333,587,Human,1,51,3,1071,-2.683333333333333,"-2.7175602412985587,-2.6871953533825708,-2.714413875620112,-2.708662037685688"
1.9166666666666667,588,Human,0,13,82,1075,-1.9166666666666667,"-1.9075716418154083,-1.9318192219156174,-2.0110271034259632,-2.0428552961861492"
5.316666666666666,590,Human,0,4,5,1078,-5.316666666666666,"-5.263116537268379,-5.364302286210651,-5.540634818163183,-5.383626973051425"
4.55,591,Human,0,13,4,1078,-4.55,"-4.552350407735539,-4.5603289323923,-4.559086524156833,-4.561840759567485"
5.0,593,Human,0,4,12,1081,-5.0,"-4.987950232281147,-5.0056861823154115,-5.011295305560695,-5.006335114083935"
5.066666666666666,594,Human,0,4,2,1084,-5.066666666666666,"-5.082224467976151,-5.122807665186844,-5.196812274403137,-5.135210772686128"
3.716666666666667,596,Human,0,87,5,1090,-3.716666666666667,"-3.6891894696686665,-4.057778305599579,-4.055382269838216,-4.059092281806144"
5.266666666666667,597,Human,0,17,5,1090,-5.266666666666667,"-5.293566341112219,-5.3229025227893905,-5.488763459377822,-5.3227313560327865"
3.8666666666666667,600,Human,1,11,3,1092,-3.8666666666666667,"-4.653480189484002,-3.866120162852984,-4.691504990313477,-4.781947257533165"
2.4166666666666665,601,Human,2,11,83,1095,-2.4166666666666665,"-2.4301736445691517,-2.618979580914102,-2.405036127371027,-2.574322822174226"
3.8666666666666667,602,Human,1,11,3,1098,-3.8666666666666667,"-4.594088189484002,-3.8466422051691653,-4.561954571225178,-4.58222740524979"
6.283333333333333,604,Human,3,1,10,1105,-6.283333333333333,"-6.57536280732983,-6.558951122510312,-6.497535004537322,-6.281530620559456"
2.683333333333333,605,Human,1,89,2,1107,-2.683333333333333,"-2.940806367183303,-2.678673158433484,-2.7049446704527744,-2.891856054156724"
4.666666666666667,607,Human,0,90,9,1109,-4.666666666666667,"-4.665055377429693,-4.766067523281766,-4.695370621386527,-4.715688561417022"
4.033333333333333,609,Human,3,16,30,1113,-4.033333333333333,"-4.060718785522585,-4.054961521020564,-4.044105929832841,-4.025692358916213"
4.866666666666666,613,Human,1,4,3,1121,-4.866666666666666,"-4.963736829699563,-4.859235217978107,-4.979964226390921,-4.9851897916831875"
2.466666666666667,618,Human,0,0,3,1128,-2.466666666666667,"-2.464058836878406,-2.597966331489633,-2.6255573679041984,-2.472173667993715"
3.2333333333333334,620,Human,1,11,3,1132,-3.2333333333333334,"-4.658055100545981,-3.232516747988642,-4.685110775705921,-4.677834522703135"
5.583333333333333,623,Human,0,4,2,1140,-5.583333333333333,"-5.505071098655206,-5.537163908519234,-5.681997508705637,-5.839063254599794"
4.25,624,Human,0,27,2,1140,-4.25,"-4.246126132298731,-4.728268008396353,-4.730165923659601,-4.725317468338111"
1.6833333333333333,625,Human,2,16,87,1140,-1.6833333333333333,"-1.79582530458852,-1.7791956576368868,-1.7065343049811812,-1.7975693396405248"
2.933333333333333,627,Human,1,94,3,1152,-2.933333333333333,"-4.274301331550348,-2.916529643247987,-4.266204017372189,-4.243170712017126"
5.816666666666666,629,Human,1,4,3,1155,-5.816666666666666,"-5.638178940799111,-5.0080432513697435,-5.615018978750166,-5.627552240670915"
1.3166666666666667,631,Human,1,0,12,1158,-1.3166666666666667,"-1.3346799518214572,-1.3166033053477495,-1.7353931820616333,-1.713404386543426"
4.25,634,Human,1,11,3,1158,-4.25,"-4.499185218253868,-4.240141598124109,-4.307714571225178,-4.328418283192252"
3.7,635,Human,3,95,1,1163,-3.7,"-3.722690871399083,-3.7224396440697207,-3.7088785128911184,-3.6989501501142747"
3.533333333333333,636,Human,1,4,88,1164,-3.533333333333333,"-4.254712485110428,-3.627671654294964,-4.497880608171246,-4.53345495789921"
7.216666666666667,638,Human,2,96,3,1167,-7.216666666666667,"-7.160286768998747,-7.236239119009904,-7.151198569739659,-7.162155430385231"
2.5833333333333335,639,Human,1,51,3,1167,-2.5833333333333335,"-2.6164420349565316,-2.5852859465631863,-2.6761493445251396,-2.617850531653657"
3.466666666666667,641,Human,0,53,9,1173,-3.466666666666667,"-3.4666688380874904,-3.6019891192529503,-3.6369917804108365,-3.7133848820499002"
6.55,644,Human,0,11,2,1175,-6.55,"-6.550362230420239,-6.665816359287443,-6.5839614599063525,-6.584040451749545"
5.2,646,Human,0,4,76,1177,-5.2,"-5.239698826686919,-5.396526487766417,-5.327889988340103,-5.965854123455651"
4.95,647,Human,0,11,2,1179,-4.95,"-4.916060095573389,-5.049350261386628,-4.933028766783218,-5.144553654416663"
3.0833333333333335,648,Human,0,0,3,1182,-3.0833333333333335,"-3.0831680916947755,-3.098102832668686,-3.102375704981515,-3.0833315603686717"
3.683333333333333,650,Human,1,11,3,1194,-3.683333333333333,"-5.106887109469428,-3.928288072338695,-5.124543438745921,-5.1221359631252055"
8.1,651,Human,0,17,3,1197,-8.1,"-8.093549088972424,-8.140514419983173,-8.110028899931606,-8.107799883963851"
4.616666666666666,653,Human,0,11,2,1202,-4.616666666666666,"-4.5616825945533215,-4.893425169109302,-4.911000642627345,-5.005300206282543"
2.566666666666667,654,Human,0,98,9,1207,-2.566666666666667,"-2.5735893848671996,-2.7036099476683093,-2.623297353923742,-2.637424805372113"
4.9,656,Human,1,4,3,1211,-4.9,"-5.386035919814514,-4.890605308281989,-5.374605506355808,-5.364709057686488"
2.95,657,Human,0,7,9,1212,-2.95,"-2.9541749769371473,-3.059231448620111,-2.996195602078989,-2.9900089080873538"
3.0,659,Human,0,7,9,1214,-3.0,"-2.996829377664007,-3.0897594486201103,-3.0584341186438584,-3.005902241420687"
3.066666666666667,660,Human,0,7,9,1215,-3.066666666666667,"-3.0586580329029323,-3.150624515286778,-3.348213961581753,-3.166444459803217"
4.116666666666666,662,Human,0,7,10,1218,-4.116666666666666,"-4.11272831832017,-4.152378914703721,-4.169636738435601,-4.346007168303606"
5.85,665,Human,0,6,5,1221,-5.85,"-5.845643999933422,-5.939269173872426,-6.148596480243185,-6.003347713443724"
4.366666666666666,667,Human,0,7,9,1225,-4.366666666666666,"-4.357846637976217,-4.449949300450205,-4.684232935412322,-4.453860560940726"
2.9833333333333334,668,Human,3,8,89,1225,-2.9833333333333334,"-3.0910093909845933,-3.1650687182933654,-3.1011128792762896,-2.9801786664577135"
4.416666666666667,669,Human,0,7,10,1226,-4.416666666666667,"-5.20435821679318,-5.438496803196783,-5.428963876081814,-5.564602987714309"
4.65,670,Human,1,4,3,1229,-4.65,"-5.263420347731035,-4.66568571335271,-5.2809094370691465,-5.286241999618549"
6.016666666666667,676,Human,1,4,3,1236,-6.016666666666667,"-6.0674906621736255,-6.041811127737622,-6.0993234630031,-6.333550302351531"
6.0,677,Human,1,4,3,1237,-6.0,"-6.052946662173625,-6.026411049633368,-6.0875154630031,-6.316900702351529"
4.4,678,Human,1,11,3,1239,-4.4,"-4.435554315682476,-4.377466993794962,-4.4426941390405,-4.409255514125585"
2.1333333333333333,682,Human,1,49,3,1244,-2.1333333333333333,"-2.106371182117237,-2.102949106919249,-2.1085860339099325,-2.1515773335972264"
5.1,683,Human,0,7,10,1244,-5.1,"-5.132626398548455,-5.282791198743715,-5.2186325784356,-5.2954564013095515"
4.233333333333333,685,Human,3,16,9,1244,-4.233333333333333,"-4.429166257167577,-4.536311048122634,-4.427498450033179,-4.24193868738214"
5.15,686,Human,0,24,10,1245,-5.15,"-5.151878912446102,-5.18972010162159,-5.19052711620633,-5.19107776432279"
4.3,687,Human,1,11,3,1245,-4.3,"-4.410157522817335,-4.323641495716944,-4.415232633800626,-4.384028836821226"
5.116666666666666,688,Human,0,7,10,1246,-5.116666666666666,"-5.1570479744258275,-5.345692105410381,-5.249202989711168,-5.287915067976218"
3.6166666666666667,690,Human,0,0,92,1250,-3.6166666666666667,"-3.597323156591843,-4.174781363013893,-4.249111784293458,-4.488752961476401"
4.566666666666666,691,Human,2,0,2,1258,-4.566666666666666,"-4.9179751282137145,-4.874168283188309,-4.576428117703727,-4.873720258857068"
5.083333333333333,692,Human,0,0,2,1258,-5.083333333333333,"-5.129427017836781,-5.193726836116813,-5.335530846607215,-5.288087904464167"
4.966666666666667,693,Human,1,0,2,1259,-4.966666666666667,"-5.096585087624968,-4.769479370252474,-5.0942622859703155,-5.237154571130834"
3.1166666666666667,697,Human,3,0,3,1269,-3.1166666666666667,"-3.1198684614509684,-3.1220346691518213,-3.12038470518806,-3.1141281576643682"
5.433333333333334,698,Human,1,4,3,1273,-5.433333333333334,"-5.689823996405566,-5.3849262192008815,-5.437936796336434,-5.424924169737318"
