travel_time,id,kind,action,origin,destination,start_time,reward,cost_table
8.266666666666667,487,AV,3,0,5,898,4.293357487922706,"0,0,0,0"
5.316666666666666,664,AV,0,4,12,1220,4.293357487922706,"0,0,0,0"
3.4166666666666665,32,AV,2,0,12,80,4.293357487922706,"0,0,0,0"
2.5,357,AV,0,0,3,680,4.293357487922706,"0,0,0,0"
6.716666666666667,546,AV,0,11,5,1002,4.293357487922706,"0,0,0,0"
6.3,108,AV,2,4,20,213,4.293357487922706,"0,0,0,0"
6.5,261,AV,2,11,2,453,4.293357487922706,"0,0,0,0"
4.483333333333333,869,AV,3,17,5,1501,4.293357487922706,"0,0,0,0"
6.3,234,AV,2,4,20,402,4.293357487922706,"0,0,0,0"
6.116666666666666,132,AV,0,11,3,248,4.293357487922706,"0,0,0,0"
6.8,985,AV,3,16,10,1684,4.293357487922706,"0,0,0,0"
5.55,928,AV,2,16,9,1596,4.293357487922706,"0,0,0,0"
4.966666666666667,805,AV,3,7,9,1419,4.293357487922706,"0,0,0,0"
3.9,376,AV,0,7,9,707,4.293357487922706,"0,0,0,0"
6.766666666666667,533,AV,0,0,2,974,4.293357487922706,"0,0,0,0"
3.6166666666666667,617,AV,2,4,85,1126,4.293357487922706,"0,0,0,0"
3.95,113,AV,2,7,4,225,4.293357487922706,"0,0,0,0"
5.05,470,AV,0,1,1,876,4.293357487922706,"0,0,0,0"
3.4833333333333334,525,AV,1,1,75,959,4.293357487922706,"0,0,0,0"
3.6333333333333333,230,AV,2,4,4,398,4.293357487922706,"0,0,0,0"
3.1,988,AV,1,124,10,1690,4.293357487922706,"0,0,0,0"
7.35,644,AV,1,11,2,1175,4.293357487922706,"0,0,0,0"
4.183333333333334,45,AV,1,11,3,94,4.293357487922706,"0,0,0,0"
2.5166666666666666,762,AV,2,8,2,1378,4.293357487922706,"0,0,0,0"
3.6,822,AV,0,11,20,1436,4.293357487922706,"0,0,0,0"
4.933333333333334,953,AV,2,118,10,1622,4.293357487922706,"0,0,0,0"
5.316666666666666,909,AV,3,4,3,1566,4.293357487922706,"0,0,0,0"
5.316666666666666,692,AV,1,0,2,1258,4.293357487922706,"0,0,0,0"
4.25,548,AV,1,83,1,1003,4.293357487922706,"0,0,0,0"
4.616666666666666,316,AV,1,0,2,565,4.293357487922706,"0,0,0,0"
5.833333333333333,481,AV,3,0,4,895,4.293357487922706,"0,0,0,0"
3.1666666666666665,679,AV,3,0,12,1241,4.293357487922706,"0,0,0,0"
6.3,1019,AV,0,4,3,1757,4.293357487922706,"0,0,0,0"
4.65,31,AV,2,11,3,79,4.293357487922706,"0,0,0,0"
4.316666666666666,65,AV,0,7,9,139,4.293357487922706,"0,0,0,0"
8.116666666666667,506,AV,3,0,5,920,4.293357487922706,"0,0,0,0"
6.966666666666667,897,AV,3,24,1,1549,4.293357487922706,"0,0,0,0"
5.466666666666667,424,AV,0,0,5,796,4.293357487922706,"0,0,0,0"
5.866666666666666,450,AV,0,17,5,851,4.293357487922706,"0,0,0,0"
4.9,730,AV,1,7,9,1320,4.293357487922706,"0,0,0,0"
4.45,116,AV,2,7,9,228,4.293357487922706,"0,0,0,0"
7.4,522,AV,1,1,10,955,4.293357487922706,"0,0,0,0"
6.366666666666666,760,AV,3,8,9,1376,4.293357487922706,"0,0,0,0"
3.316666666666667,971,AV,0,8,98,1662,4.293357487922706,"0,0,0,0"
3.2,471,AV,2,4,4,877,4.293357487922706,"0,0,0,0"
2.4166666666666665,79,AV,0,4,18,160,4.293357487922706,"0,0,0,0"
4.916666666666667,962,AV,1,4,104,1648,4.293357487922706,"0,0,0,0"
4.533333333333333,87,AV,0,11,3,178,4.293357487922706,"0,0,0,0"
3.5833333333333335,343,AV,3,57,15,653,4.293357487922706,"0,0,0,0"
4.683333333333334,653,AV,2,11,2,1202,4.293357487922706,"0,0,0,0"
6.616666666666666,161,AV,0,4,3,296,4.293357487922706,"0,0,0,0"
5.716666666666667,71,AV,1,8,9,149,4.293357487922706,"0,0,0,0"
3.4,140,AV,1,4,24,265,4.293357487922706,"0,0,0,0"
5.216666666666667,297,AV,2,17,5,525,4.293357487922706,"0,0,0,0"
7.533333333333333,676,AV,0,4,3,1236,4.293357487922706,"0,0,0,0"
4.383333333333334,687,AV,3,11,3,1245,4.293357487922706,"0,0,0,0"
5.633333333333334,633,AV,3,16,9,1158,4.293357487922706,"0,0,0,0"
5.183333333333334,594,AV,1,4,2,1084,4.293357487922706,"0,0,0,0"
2.933333333333333,775,AV,0,11,20,1388,4.293357487922706,"0,0,0,0"
7.066666666666666,351,AV,3,8,10,676,4.293357487922706,"0,0,0,0"
5.866666666666666,412,AV,2,1,10,780,4.293357487922706,"0,0,0,0"
5.15,650,AV,1,11,3,1194,4.293357487922706,"0,0,0,0"
5.966666666666667,578,AV,1,86,3,1061,4.293357487922706,"0,0,0,0"
4.9,319,AV,1,8,48,578,4.293357487922706,"0,0,0,0"
8.35,494,AV,3,0,5,903,4.293357487922706,"0,0,0,0"
7.1,554,AV,2,0,2,1009,4.293357487922706,"0,0,0,0"
5.866666666666666,665,AV,2,6,5,1221,4.293357487922706,"0,0,0,0"
5.3,466,AV,2,1,1,870,4.293357487922706,"0,0,0,0"
6.033333333333333,109,AV,3,1,10,220,4.293357487922706,"0,0,0,0"
5.666666666666667,872,AV,1,17,5,1505,4.293357487922706,"0,0,0,0"
4.383333333333334,774,AV,1,0,2,1386,4.293357487922706,"0,0,0,0"
5.333333333333333,128,AV,3,16,10,245,4.293357487922706,"0,0,0,0"
4.516666666666667,939,AV,3,11,20,1608,4.293357487922706,"0,0,0,0"
2.1166666666666667,724,AV,2,8,2,1316,4.293357487922706,"0,0,0,0"
4.366666666666666,720,AV,1,64,10,1311,4.293357487922706,"0,0,0,0"
5.333333333333333,969,AV,0,21,4,1656,4.293357487922706,"0,0,0,0"
5.966666666666667,850,AV,0,0,2,1475,4.293357487922706,"0,0,0,0"
4.65,607,AV,0,90,9,1109,4.293357487922706,"0,0,0,0"
3.9166666666666665,800,AV,3,50,9,1415,4.293357487922706,"0,0,0,0"
3.2333333333333334,959,AV,0,98,2,1641,4.293357487922706,"0,0,0,0"
5.65,237,AV,2,4,5,412,4.293357487922706,"0,0,0,0"
4.85,472,AV,0,4,12,878,4.293357487922706,"0,0,0,0"
4.966666666666667,498,AV,1,4,5,907,4.293357487922706,"0,0,0,0"
2.6,991,AV,2,21,21,1695,4.293357487922706,"0,0,0,0"
2.0833333333333335,251,AV,3,0,3,435,4.293357487922706,"0,0,0,0"
5.133333333333334,453,AV,3,4,4,853,4.293357487922706,"0,0,0,0"
2.9,373,AV,0,7,9,697,4.293357487922706,"0,0,0,0"
5.45,923,AV,3,16,4,1591,4.293357487922706,"0,0,0,0"
6.616666666666666,504,AV,0,0,5,913,4.293357487922706,"0,0,0,0"
7.916666666666667,438,AV,3,17,5,816,4.293357487922706,"0,0,0,0"
4.283333333333333,458,AV,1,13,39,861,4.293357487922706,"0,0,0,0"
5.433333333333334,820,AV,2,4,20,1434,4.293357487922706,"0,0,0,0"
2.966666666666667,104,AV,2,0,12,203,4.293357487922706,"0,0,0,0"
5.85,345,AV,3,7,10,667,4.293357487922706,"0,0,0,0"
7.033333333333333,477,AV,0,1,10,890,4.293357487922706,"0,0,0,0"
6.616666666666666,346,AV,2,0,2,670,4.293357487922706,"0,0,0,0"
5.2,752,AV,0,103,9,1354,4.293357487922706,"0,0,0,0"
5.033333333333333,282,AV,0,1,1,500,4.293357487922706,"0,0,0,0"
5.316666666666666,416,AV,2,7,10,784,4.293357487922706,"0,0,0,0"
6.316666666666666,172,AV,0,4,3,320,4.293357487922706,"0,0,0,0"
4.233333333333333,782,AV,0,7,10,1397,4.293357487922706,"0,0,0,0"
3.3,539,AV,0,0,3,989,4.293357487922706,"0,0,0,0"
6.6,73,AV,2,4,16,152,4.293357487922706,"0,0,0,0"
4.916666666666667,101,AV,2,25,10,197,4.293357487922706,"0,0,0,0"
6.216666666666667,946,AV,0,1,1,1616,4.293357487922706,"0,0,0,0"
4.016666666666667,95,AV,3,24,19,189,4.293357487922706,"0,0,0,0"
8.616666666666667,106,AV,1,17,3,204,4.293357487922706,"0,0,0,0"
2.933333333333333,493,AV,3,0,12,902,4.293357487922706,"0,0,0,0"
4.6,112,AV,0,7,9,223,4.293357487922706,"0,0,0,0"
4.0,854,AV,0,49,9,1481,4.293357487922706,"0,0,0,0"
4.416666666666667,847,AV,0,1,1,1470,4.293357487922706,"0,0,0,0"
7.583333333333333,421,AV,2,0,2,794,4.293357487922706,"0,0,0,0"
4.5,932,AV,2,116,10,1604,4.293357487922706,"0,0,0,0"
3.2,153,AV,2,16,27,288,4.293357487922706,"0,0,0,0"
6.516666666666667,640,AV,3,97,3,1173,4.293357487922706,"0,0,0,0"
5.233333333333333,64,AV,0,1,1,136,4.293357487922706,"0,0,0,0"
4.0,680,AV,0,99,10,1243,4.293357487922706,"0,0,0,0"
5.316666666666666,649,AV,1,4,3,1192,4.293357487922706,"0,0,0,0"
10.116666666666667,651,AV,1,17,3,1197,4.293357487922706,"0,0,0,0"
5.033333333333333,377,AV,1,7,10,710,4.293357487922706,"0,0,0,0"
5.683333333333334,780,AV,3,7,10,1391,4.293357487922706,"0,0,0,0"
4.65,146,AV,3,11,26,271,4.293357487922706,"0,0,0,0"
5.65,474,AV,3,17,5,887,4.293357487922706,"0,0,0,0"
3.816666666666667,404,AV,0,7,4,775,4.293357487922706,"0,0,0,0"
3.2,1017,AV,3,16,5,1755,4.293357487922706,"0,0,0,0"
3.65,778,AV,2,4,4,1389,4.293357487922706,"0,0,0,0"
5.55,877,AV,0,1,10,1519,4.293357487922706,"0,0,0,0"
1.8333333333333333,492,AV,3,0,52,901,4.293357487922706,"0,0,0,0"
4.533333333333333,1014,AV,0,129,10,1753,4.293357487922706,"0,0,0,0"
6.85,843,AV,2,8,10,1468,4.293357487922706,"0,0,0,0"
5.2,55,AV,3,18,2,127,4.293357487922706,"0,0,0,0"
3.4833333333333334,329,AV,3,7,9,610,4.293357487922706,"0,0,0,0"
4.35,706,AV,1,16,94,1291,4.293357487922706,"0,0,0,0"
2.4833333333333334,360,AV,1,1,57,682,4.293357487922706,"0,0,0,0"
5.466666666666667,406,AV,3,7,10,777,4.293357487922706,"0,0,0,0"
4.933333333333334,125,AV,3,7,9,238,4.293357487922706,"0,0,0,0"
4.533333333333333,684,AV,3,11,3,1244,4.293357487922706,"0,0,0,0"
3.8333333333333335,598,AV,1,88,5,1091,4.293357487922706,"0,0,0,0"
4.483333333333333,247,AV,1,11,3,427,4.293357487922706,"0,0,0,0"
2.15,185,AV,0,16,12,335,4.293357487922706,"0,0,0,0"
6.933333333333334,783,AV,2,8,9,1397,4.293357487922706,"0,0,0,0"
3.966666666666667,572,AV,0,85,2,1054,4.293357487922706,"0,0,0,0"
5.716666666666667,263,AV,2,4,20,456,4.293357487922706,"0,0,0,0"
5.416666666666667,1007,AV,0,4,3,1732,4.293357487922706,"0,0,0,0"
5.716666666666667,131,AV,3,16,10,246,4.293357487922706,"0,0,0,0"
5.666666666666667,410,AV,0,0,5,780,4.293357487922706,"0,0,0,0"
2.7666666666666666,1008,AV,0,0,3,1740,4.293357487922706,"0,0,0,0"
2.816666666666667,666,AV,0,7,9,1223,4.293357487922706,"0,0,0,0"
8.3,433,AV,3,0,5,807,4.293357487922706,"0,0,0,0"
6.066666666666666,141,AV,3,11,3,267,4.293357487922706,"0,0,0,0"
3.9,912,AV,2,1,1,1580,4.293357487922706,"0,0,0,0"
7.316666666666666,326,AV,2,16,10,603,4.293357487922706,"0,0,0,0"
5.7,694,AV,3,0,93,1259,4.293357487922706,"0,0,0,0"
3.0833333333333335,268,AV,2,0,3,464,4.293357487922706,"0,0,0,0"
1.85,972,AV,2,120,3,1664,4.293357487922706,"0,0,0,0"
2.283333333333333,518,AV,0,80,3,942,4.293357487922706,"0,0,0,0"
3.3666666666666667,1021,AV,0,11,4,1767,4.293357487922706,"0,0,0,0"
4.75,678,AV,2,11,3,1239,4.293357487922706,"0,0,0,0"
6.066666666666666,924,AV,1,16,9,1592,4.293357487922706,"0,0,0,0"
4.766666666666667,990,AV,3,1,1,1694,4.293357487922706,"0,0,0,0"
5.516666666666667,751,AV,2,17,5,1349,4.293357487922706,"0,0,0,0"
2.0166666666666666,743,AV,0,102,3,1338,4.293357487922706,"0,0,0,0"
5.3,819,AV,0,49,2,1431,4.293357487922706,"0,0,0,0"
4.383333333333334,784,AV,2,7,9,1398,4.293357487922706,"0,0,0,0"
4.583333333333333,673,AV,1,4,3,1232,4.293357487922706,"0,0,0,0"
2.8666666666666667,26,AV,2,13,11,72,4.293357487922706,"0,0,0,0"
7.066666666666666,740,AV,2,16,10,1336,4.293357487922706,"0,0,0,0"
6.7,804,AV,2,7,10,1417,4.293357487922706,"0,0,0,0"
6.4,1013,AV,0,4,3,1749,4.293357487922706,"0,0,0,0"
2.7666666666666666,848,AV,0,19,3,1473,4.293357487922706,"0,0,0,0"
3.1166666666666667,314,AV,1,0,3,563,4.293357487922706,"0,0,0,0"
5.783333333333333,30,AV,0,4,3,77,4.293357487922706,"0,0,0,0"
4.8,216,AV,3,11,2,379,4.293357487922706,"0,0,0,0"
4.466666666666667,325,AV,3,17,5,600,4.293357487922706,"0,0,0,0"
5.066666666666666,864,AV,1,1,1,1496,4.293357487922706,"0,0,0,0"
0.6333333333333333,936,AV,0,8,2,1607,4.293357487922706,"0,0,0,0"
4.833333333333333,371,AV,3,22,9,695,4.293357487922706,"0,0,0,0"
4.25,408,AV,2,7,9,779,4.293357487922706,"0,0,0,0"
6.966666666666667,426,AV,3,8,16,798,4.293357487922706,"0,0,0,0"
2.55,6,AV,2,4,4,13,4.293357487922706,"0,0,0,0"
5.35,219,AV,0,11,3,382,4.293357487922706,"0,0,0,0"
5.05,178,AV,2,8,9,326,4.293357487922706,"0,0,0,0"
5.133333333333334,702,AV,1,11,3,1285,4.293357487922706,"0,0,0,0"
3.3,817,AV,0,11,20,1430,4.293357487922706,"0,0,0,0"
5.25,497,AV,0,4,5,905,4.293357487922706,"0,0,0,0"
6.283333333333333,83,AV,2,11,3,169,4.293357487922706,"0,0,0,0"
3.25,179,AV,0,34,10,329,4.293357487922706,"0,0,0,0"
4.133333333333334,921,AV,1,115,2,1591,4.293357487922706,"0,0,0,0"
5.833333333333333,792,AV,2,7,10,1409,4.293357487922706,"0,0,0,0"
4.716666666666667,36,AV,3,11,3,82,4.293357487922706,"0,0,0,0"
7.85,117,AV,0,17,3,229,4.293357487922706,"0,0,0,0"
3.5,935,AV,0,11,20,1606,4.293357487922706,"0,0,0,0"
2.9833333333333334,659,AV,0,7,9,1214,4.293357487922706,"0,0,0,0"
4.416666666666667,267,AV,3,21,4,462,4.293357487922706,"0,0,0,0"
5.333333333333333,467,AV,0,7,66,873,4.293357487922706,"0,0,0,0"
5.416666666666667,529,AV,2,4,5,969,4.293357487922706,"0,0,0,0"
2.7666666666666666,570,AV,0,8,78,1050,4.293357487922706,"0,0,0,0"
4.3,423,AV,1,11,3,794,4.293357487922706,"0,0,0,0"
4.75,199,AV,0,11,3,351,4.293357487922706,"0,0,0,0"
7.433333333333334,461,AV,2,1,10,862,4.293357487922706,"0,0,0,0"
2.5833333333333335,387,AV,0,65,2,733,4.293357487922706,"0,0,0,0"
3.716666666666667,913,AV,0,13,4,1580,4.293357487922706,"0,0,0,0"
4.216666666666667,401,AV,2,7,9,774,4.293357487922706,"0,0,0,0"
4.383333333333334,989,AV,3,125,3,1694,4.293357487922706,"0,0,0,0"
5.566666666666666,722,AV,3,11,2,1314,4.293357487922706,"0,0,0,0"
6.283333333333333,758,AV,1,8,10,1375,4.293357487922706,"0,0,0,0"
3.4833333333333334,103,AV,2,0,3,201,4.293357487922706,"0,0,0,0"
5.233333333333333,61,AV,0,1,1,134,4.293357487922706,"0,0,0,0"
5.783333333333333,200,AV,0,4,3,351,4.293357487922706,"0,0,0,0"
6.633333333333334,203,AV,0,0,2,355,4.293357487922706,"0,0,0,0"
7.283333333333333,967,AV,2,21,10,1654,4.293357487922706,"0,0,0,0"
3.8333333333333335,795,AV,2,106,5,1412,4.293357487922706,"0,0,0,0"
4.516666666666667,58,AV,2,7,10,131,4.293357487922706,"0,0,0,0"
5.433333333333334,868,AV,0,7,10,1501,4.293357487922706,"0,0,0,0"
7.05,102,AV,0,4,3,199,4.293357487922706,"0,0,0,0"
4.533333333333333,342,AV,0,56,10,652,4.293357487922706,"0,0,0,0"
5.016666666666667,573,AV,0,1,1,1055,4.293357487922706,"0,0,0,0"
5.566666666666666,857,AV,2,7,10,1487,4.293357487922706,"0,0,0,0"
6.583333333333333,551,AV,0,11,5,1005,4.293357487922706,"0,0,0,0"
4.283333333333333,624,AV,0,27,2,1140,4.293357487922706,"0,0,0,0"
5.666666666666667,789,AV,0,0,2,1404,4.293357487922706,"0,0,0,0"
5.683333333333334,574,AV,0,11,5,1055,4.293357487922706,"0,0,0,0"
6.65,538,AV,2,11,2,984,4.293357487922706,"0,0,0,0"
6.683333333333334,347,AV,2,24,54,673,4.293357487922706,"0,0,0,0"
4.5,276,AV,3,16,44,483,4.293357487922706,"0,0,0,0"
3.8,987,AV,0,16,107,1689,4.293357487922706,"0,0,0,0"
5.866666666666666,667,AV,2,7,9,1225,4.293357487922706,"0,0,0,0"
4.033333333333333,152,AV,1,16,12,286,4.293357487922706,"0,0,0,0"
4.483333333333333,445,AV,2,0,61,822,4.293357487922706,"0,0,0,0"
6.033333333333333,564,AV,1,1,10,1039,4.293357487922706,"0,0,0,0"
4.45,149,AV,0,1,1,281,4.293357487922706,"0,0,0,0"
3.5,365,AV,3,7,4,688,4.293357487922706,"0,0,0,0"
5.233333333333333,893,AV,0,17,5,1545,4.293357487922706,"0,0,0,0"
5.816666666666666,894,AV,0,4,3,1546,4.293357487922706,"0,0,0,0"
7.883333333333334,785,AV,2,17,3,1401,4.293357487922706,"0,0,0,0"
6.283333333333333,636,AV,3,4,88,1164,4.293357487922706,"0,0,0,0"
6.816666666666666,698,AV,0,4,3,1273,4.293357487922706,"0,0,0,0"
5.283333333333333,885,AV,2,4,20,1531,4.293357487922706,"0,0,0,0"
2.8833333333333333,396,AV,2,32,5,761,4.293357487922706,"0,0,0,0"
4.95,53,AV,2,17,5,119,4.293357487922706,"0,0,0,0"
5.05,286,AV,1,1,1,508,4.293357487922706,"0,0,0,0"
7.316666666666666,524,AV,3,4,5,957,4.293357487922706,"0,0,0,0"
4.216666666666667,802,AV,3,16,9,1416,4.293357487922706,"0,0,0,0"
5.8,69,AV,3,8,9,142,4.293357487922706,"0,0,0,0"
5.4,8,AV,1,4,3,17,4.293357487922706,"0,0,0,0"
4.766666666666667,270,AV,1,43,2,468,4.293357487922706,"0,0,0,0"
5.033333333333333,394,AV,0,70,3,752,4.293357487922706,"0,0,0,0"
4.266666666666667,279,AV,3,1,1,491,4.293357487922706,"0,0,0,0"
3.35,1033,AV,1,0,3,1795,4.293357487922706,"0,0,0,0"
4.483333333333333,187,AV,1,11,3,336,4.293357487922706,"0,0,0,0"
6.133333333333334,1031,AV,2,17,108,1790,4.293357487922706,"0,0,0,0"
4.266666666666667,335,AV,3,53,52,616,4.293357487922706,"0,0,0,0"
1.9666666666666666,384,AV,3,64,1,729,4.293357487922706,"0,0,0,0"
4.55,440,AV,3,1,1,817,4.293357487922706,"0,0,0,0"
4.966666666666667,165,AV,0,16,30,305,4.293357487922706,"0,0,0,0"
2.4833333333333334,9,AV,1,5,2,25,4.293357487922706,"0,0,0,0"
3.95,675,AV,0,7,91,1235,4.293357487922706,"0,0,0,0"
5.166666666666667,1016,AV,2,4,3,1754,4.293357487922706,"0,0,0,0"
3.1166666666666667,587,AV,2,51,3,1071,4.293357487922706,"0,0,0,0"
6.0,236,AV,2,4,20,411,4.293357487922706,"0,0,0,0"
4.283333333333333,180,AV,0,8,9,329,4.293357487922706,"0,0,0,0"
5.166666666666667,521,AV,3,1,74,953,4.293357487922706,"0,0,0,0"
5.05,731,AV,0,11,3,1323,4.293357487922706,"0,0,0,0"
5.6,963,AV,1,1,1,1649,4.293357487922706,"0,0,0,0"
4.366666666666666,307,AV,2,11,20,547,4.293357487922706,"0,0,0,0"
5.05,690,AV,1,0,92,1250,4.293357487922706,"0,0,0,0"
5.183333333333334,768,AV,1,11,20,1381,4.293357487922706,"0,0,0,0"
6.15,918,AV,2,4,3,1586,4.293357487922706,"0,0,0,0"
5.016666666666667,486,AV,2,4,5,898,4.293357487922706,"0,0,0,0"
6.916666666666667,94,AV,2,4,3,188,4.293357487922706,"0,0,0,0"
4.933333333333334,552,AV,0,11,5,1007,4.293357487922706,"0,0,0,0"
4.75,1028,AV,2,11,4,1780,4.293357487922706,"0,0,0,0"
2.3,52,AV,1,0,12,112,4.293357487922706,"0,0,0,0"
6.316666666666666,604,AV,2,1,10,1105,4.293357487922706,"0,0,0,0"
3.25,22,AV,0,11,4,60,4.293357487922706,"0,0,0,0"
4.566666666666666,634,AV,2,11,3,1158,4.293357487922706,"0,0,0,0"
3.5166666666666666,111,AV,3,26,3,221,4.293357487922706,"0,0,0,0"
3.3666666666666667,432,AV,0,0,3,805,4.293357487922706,"0,0,0,0"
3.8833333333333333,810,AV,3,7,100,1422,4.293357487922706,"0,0,0,0"
5.466666666666667,600,AV,0,11,3,1092,4.293357487922706,"0,0,0,0"
4.95,809,AV,1,11,20,1421,4.293357487922706,"0,0,0,0"
5.016666666666667,567,AV,0,1,1,1046,4.293357487922706,"0,0,0,0"
5.116666666666666,997,AV,1,0,2,1709,4.293357487922706,"0,0,0,0"
4.066666666666666,899,AV,3,57,20,1550,4.293357487922706,"0,0,0,0"
4.516666666666667,586,AV,1,7,1,1070,4.293357487922706,"0,0,0,0"
4.6,397,AV,1,17,5,767,4.293357487922706,"0,0,0,0"
4.75,166,AV,3,17,5,305,4.293357487922706,"0,0,0,0"
5.933333333333334,571,AV,3,4,5,1052,4.293357487922706,"0,0,0,0"
4.8,25,AV,2,11,3,72,4.293357487922706,"0,0,0,0"
2.8333333333333335,454,AV,1,8,65,856,4.293357487922706,"0,0,0,0"
6.466666666666667,241,AV,2,4,2,414,4.293357487922706,"0,0,0,0"
5.716666666666667,879,AV,3,11,20,1521,4.293357487922706,"0,0,0,0"
4.1,654,AV,1,98,9,1207,4.293357487922706,"0,0,0,0"
5.5,981,AV,0,0,2,1682,4.293357487922706,"0,0,0,0"
4.516666666666667,513,AV,2,78,5,931,4.293357487922706,"0,0,0,0"
3.65,130,AV,1,17,22,245,4.293357487922706,"0,0,0,0"
2.5,622,AV,1,93,2,1139,4.293357487922706,"0,0,0,0"
5.816666666666666,157,AV,0,4,29,292,4.293357487922706,"0,0,0,0"
3.533333333333333,338,AV,0,11,20,634,4.293357487922706,"0,0,0,0"
1.4166666666666667,625,AV,2,16,87,1140,4.293357487922706,"0,0,0,0"
2.816666666666667,849,AV,3,0,3,1474,4.293357487922706,"0,0,0,0"
6.7,579,AV,1,1,10,1062,4.293357487922706,"0,0,0,0"
3.1,755,AV,3,0,3,1361,4.293357487922706,"0,0,0,0"
3.8,118,AV,3,7,4,230,4.293357487922706,"0,0,0,0"
6.9,569,AV,0,1,10,1048,4.293357487922706,"0,0,0,0"
7.833333333333333,441,AV,1,17,5,818,4.293357487922706,"0,0,0,0"
4.683333333333334,488,AV,0,76,20,899,4.293357487922706,"0,0,0,0"
5.066666666666666,309,AV,2,11,5,549,4.293357487922706,"0,0,0,0"
5.083333333333333,480,AV,3,1,1,894,4.293357487922706,"0,0,0,0"
4.35,242,AV,0,42,20,418,4.293357487922706,"0,0,0,0"
6.633333333333334,114,AV,0,4,3,226,4.293357487922706,"0,0,0,0"
4.683333333333334,747,AV,2,4,20,1341,4.293357487922706,"0,0,0,0"
7.45,927,AV,2,4,3,1596,4.293357487922706,"0,0,0,0"
4.183333333333334,171,AV,1,0,3,317,4.293357487922706,"0,0,0,0"
5.316666666666666,781,AV,1,4,55,1393,4.293357487922706,"0,0,0,0"
3.85,749,AV,0,4,20,1348,4.293357487922706,"0,0,0,0"
1.7666666666666666,280,AV,3,47,20,495,4.293357487922706,"0,0,0,0"
6.4,512,AV,0,0,5,930,4.293357487922706,"0,0,0,0"
6.733333333333333,516,AV,3,1,73,938,4.293357487922706,"0,0,0,0"
6.066666666666666,952,AV,0,4,3,1621,4.293357487922706,"0,0,0,0"
3.2666666666666666,217,AV,0,11,40,380,4.293357487922706,"0,0,0,0"
3.216666666666667,337,AV,1,54,1,622,4.293357487922706,"0,0,0,0"
4.683333333333334,156,AV,0,8,9,292,4.293357487922706,"0,0,0,0"
6.316666666666666,215,AV,1,1,10,378,4.293357487922706,"0,0,0,0"
2.8666666666666667,372,AV,0,7,9,696,4.293357487922706,"0,0,0,0"
3.5166666666666666,290,AV,2,16,45,516,4.293357487922706,"0,0,0,0"
3.933333333333333,255,AV,0,17,5,450,4.293357487922706,"0,0,0,0"
6.733333333333333,901,AV,2,8,10,1557,4.293357487922706,"0,0,0,0"
5.25,226,AV,0,11,3,389,4.293357487922706,"0,0,0,0"
3.3666666666666667,982,AV,3,8,2,1682,4.293357487922706,"0,0,0,0"
5.966666666666667,110,AV,1,4,20,221,4.293357487922706,"0,0,0,0"
5.733333333333333,264,AV,2,4,20,458,4.293357487922706,"0,0,0,0"
4.316666666666666,945,AV,1,11,3,1616,4.293357487922706,"0,0,0,0"
4.816666666666666,744,AV,1,4,20,1338,4.293357487922706,"0,0,0,0"
2.1333333333333333,707,AV,2,16,3,1294,4.293357487922706,"0,0,0,0"
4.2,855,AV,0,109,20,1482,4.293357487922706,"0,0,0,0"
3.65,878,AV,0,4,20,1520,4.293357487922706,"0,0,0,0"
5.566666666666666,683,AV,2,7,10,1244,4.293357487922706,"0,0,0,0"
2.7666666666666666,859,AV,1,32,2,1489,4.293357487922706,"0,0,0,0"
3.1166666666666667,977,AV,0,53,3,1676,4.293357487922706,"0,0,0,0"
4.583333333333333,965,AV,2,21,9,1652,4.293357487922706,"0,0,0,0"
6.05,949,AV,3,11,3,1619,4.293357487922706,"0,0,0,0"
5.333333333333333,485,AV,0,0,5,897,4.293357487922706,"0,0,0,0"
1.7166666666666666,956,AV,3,0,3,1626,4.293357487922706,"0,0,0,0"
7.066666666666666,475,AV,0,1,10,887,4.293357487922706,"0,0,0,0"
5.233333333333333,225,AV,2,11,20,387,4.293357487922706,"0,0,0,0"
4.483333333333333,671,AV,1,7,9,1230,4.293357487922706,"0,0,0,0"
4.3,93,AV,3,4,3,186,4.293357487922706,"0,0,0,0"
3.3666666666666667,719,AV,0,4,89,1310,4.293357487922706,"0,0,0,0"
5.55,681,AV,3,100,10,1243,4.293357487922706,"0,0,0,0"
3.6,975,AV,0,11,4,1671,4.293357487922706,"0,0,0,0"
5.25,456,AV,0,1,1,860,4.293357487922706,"0,0,0,0"
6.35,413,AV,2,1,4,782,4.293357487922706,"0,0,0,0"
4.35,910,AV,1,0,2,1574,4.293357487922706,"0,0,0,0"
4.85,78,AV,3,22,9,160,4.293357487922706,"0,0,0,0"
6.633333333333334,544,AV,3,11,5,1000,4.293357487922706,"0,0,0,0"
4.5,791,AV,0,8,9,1408,4.293357487922706,"0,0,0,0"
5.6,115,AV,0,7,10,226,4.293357487922706,"0,0,0,0"
3.7666666666666666,476,AV,3,8,68,889,4.293357487922706,"0,0,0,0"
3.966666666666667,718,AV,1,7,4,1309,4.293357487922706,"0,0,0,0"
6.55,708,AV,1,4,20,1298,4.293357487922706,"0,0,0,0"
5.483333333333333,49,AV,3,4,3,105,4.293357487922706,"0,0,0,0"
2.0,82,AV,0,23,2,167,4.293357487922706,"0,0,0,0"
4.95,581,AV,0,1,1,1064,4.293357487922706,"0,0,0,0"
6.016666666666667,437,AV,1,1,1,815,4.293357487922706,"0,0,0,0"
5.466666666666667,124,AV,1,7,10,236,4.293357487922706,"0,0,0,0"
3.7666666666666666,1023,AV,1,16,55,1772,4.293357487922706,"0,0,0,0"
6.05,147,AV,0,11,3,272,4.293357487922706,"0,0,0,0"
5.983333333333333,974,AV,1,121,105,1667,4.293357487922706,"0,0,0,0"
8.766666666666667,938,AV,2,117,3,1608,4.293357487922706,"0,0,0,0"
4.983333333333333,808,AV,1,7,9,1421,4.293357487922706,"0,0,0,0"
5.0,608,AV,0,17,5,1110,4.293357487922706,"0,0,0,0"
4.083333333333333,734,AV,0,7,9,1326,4.293357487922706,"0,0,0,0"
5.5,919,AV,0,42,9,1589,4.293357487922706,"0,0,0,0"
5.483333333333333,881,AV,2,11,20,1523,4.293357487922706,"0,0,0,0"
5.25,57,AV,1,1,1,129,4.293357487922706,"0,0,0,0"
2.6166666666666667,715,AV,1,16,18,1307,4.293357487922706,"0,0,0,0"
6.466666666666667,908,AV,2,4,3,1564,4.293357487922706,"0,0,0,0"
3.3833333333333333,294,AV,1,7,4,522,4.293357487922706,"0,0,0,0"
6.633333333333334,510,AV,3,0,72,923,4.293357487922706,"0,0,0,0"
6.2,978,AV,0,4,3,1677,4.293357487922706,"0,0,0,0"
6.65,764,AV,1,8,97,1380,4.293357487922706,"0,0,0,0"
6.266666666666667,812,AV,3,16,4,1425,4.293357487922706,"0,0,0,0"
2.7333333333333334,239,AV,3,40,20,413,4.293357487922706,"0,0,0,0"
6.45,91,AV,0,0,2,181,4.293357487922706,"0,0,0,0"
4.116666666666666,726,AV,2,11,2,1317,4.293357487922706,"0,0,0,0"
4.016666666666667,173,AV,1,0,3,320,4.293357487922706,"0,0,0,0"
7.683333333333334,553,AV,3,0,2,1007,4.293357487922706,"0,0,0,0"
6.0,142,AV,3,4,3,267,4.293357487922706,"0,0,0,0"
4.95,826,AV,0,11,2,1442,4.293357487922706,"0,0,0,0"
5.783333333333333,277,AV,0,16,10,484,4.293357487922706,"0,0,0,0"
5.733333333333333,54,AV,3,7,10,125,4.293357487922706,"0,0,0,0"
6.316666666666666,390,AV,3,4,5,741,4.293357487922706,"0,0,0,0"
4.6,713,AV,2,7,10,1304,4.293357487922706,"0,0,0,0"
4.4,716,AV,2,7,9,1307,4.293357487922706,"0,0,0,0"
7.083333333333333,861,AV,3,7,10,1491,4.293357487922706,"0,0,0,0"
7.2,860,AV,3,0,2,1490,4.293357487922706,"0,0,0,0"
6.466666666666667,1011,AV,3,4,3,1745,4.293357487922706,"0,0,0,0"
5.766666666666667,257,AV,3,1,42,450,4.293357487922706,"0,0,0,0"
5.45,595,AV,1,4,3,1085,4.293357487922706,"0,0,0,0"
1.5833333333333333,610,AV,0,91,1,1117,4.293357487922706,"0,0,0,0"
1.25,451,AV,3,64,64,851,4.293357487922706,"0,0,0,0"
1.2166666666666666,631,AV,1,0,12,1158,4.293357487922706,"0,0,0,0"
5.766666666666667,669,AV,1,7,10,1226,4.293357487922706,"0,0,0,0"
7.083333333333333,556,AV,2,0,2,1011,4.293357487922706,"0,0,0,0"
4.733333333333333,1004,AV,0,1,1,1720,4.293357487922706,"0,0,0,0"
3.933333333333333,77,AV,2,21,17,158,4.293357487922706,"0,0,0,0"
7.616666666666666,549,AV,0,1,10,1004,4.293357487922706,"0,0,0,0"
6.933333333333334,105,AV,0,4,3,204,4.293357487922706,"0,0,0,0"
4.366666666666666,542,AV,3,11,4,999,4.293357487922706,"0,0,0,0"
5.316666666666666,164,AV,2,11,3,301,4.293357487922706,"0,0,0,0"
5.233333333333333,941,AV,3,11,20,1611,4.293357487922706,"0,0,0,0"
3.45,641,AV,0,53,9,1173,4.293357487922706,"0,0,0,0"
7.066666666666666,460,AV,3,74,10,862,4.293357487922706,"0,0,0,0"
6.35,405,AV,2,0,2,776,4.293357487922706,"0,0,0,0"
2.683333333333333,1030,AV,0,131,5,1790,4.293357487922706,"0,0,0,0"
3.6166666666666667,249,AV,0,11,20,429,4.293357487922706,"0,0,0,0"
3.3,560,AV,3,0,77,1020,4.293357487922706,"0,0,0,0"
1.85,143,AV,0,30,25,268,4.293357487922706,"0,0,0,0"
5.066666666666666,1000,AV,0,0,2,1710,4.293357487922706,"0,0,0,0"
6.183333333333334,235,AV,3,4,20,403,4.293357487922706,"0,0,0,0"
4.966666666666667,593,AV,0,4,12,1081,4.293357487922706,"0,0,0,0"
5.533333333333333,520,AV,0,1,1,948,4.293357487922706,"0,0,0,0"
2.8333333333333335,663,AV,0,7,9,1220,4.293357487922706,"0,0,0,0"
6.333333333333333,218,AV,3,8,9,381,4.293357487922706,"0,0,0,0"
2.2666666666666666,1034,AV,0,43,9,1798,4.293357487922706,"0,0,0,0"
5.716666666666667,150,AV,0,11,3,283,4.293357487922706,"0,0,0,0"
5.266666666666667,527,AV,0,1,1,966,4.293357487922706,"0,0,0,0"
6.8,966,AV,2,4,2,1654,4.293357487922706,"0,0,0,0"
4.416666666666667,643,AV,3,11,4,1173,4.293357487922706,"0,0,0,0"
5.983333333333333,562,AV,0,11,2,1029,4.293357487922706,"0,0,0,0"
6.6,214,AV,2,16,10,377,4.293357487922706,"0,0,0,0"
5.116666666666666,911,AV,0,1,1,1578,4.293357487922706,"0,0,0,0"
3.05,168,AV,2,33,9,307,4.293357487922706,"0,0,0,0"
4.3,739,AV,1,7,9,1335,4.293357487922706,"0,0,0,0"
6.466666666666667,886,AV,2,4,20,1535,4.293357487922706,"0,0,0,0"
7.0,623,AV,3,4,2,1140,4.293357487922706,"0,0,0,0"
4.016666666666667,21,AV,3,10,5,58,4.293357487922706,"0,0,0,0"
5.916666666666667,628,AV,0,4,3,1152,4.293357487922706,"0,0,0,0"
4.716666666666667,531,AV,2,11,3,973,4.293357487922706,"0,0,0,0"
4.933333333333334,306,AV,2,11,20,546,4.293357487922706,"0,0,0,0"
5.45,361,AV,1,7,10,684,4.293357487922706,"0,0,0,0"
6.883333333333334,599,AV,0,4,3,1092,4.293357487922706,"0,0,0,0"
3.8833333333333333,858,AV,1,0,101,1488,4.293357487922706,"0,0,0,0"
5.716666666666667,324,AV,3,4,5,599,4.293357487922706,"0,0,0,0"
5.0,381,AV,0,62,2,721,4.293357487922706,"0,0,0,0"
4.966666666666667,240,AV,1,41,2,414,4.293357487922706,"0,0,0,0"
3.8333333333333335,272,AV,1,11,4,474,4.293357487922706,"0,0,0,0"
3.433333333333333,137,AV,0,28,9,261,4.293357487922706,"0,0,0,0"
4.283333333333333,515,AV,2,0,3,932,4.293357487922706,"0,0,0,0"
2.566666666666667,186,AV,1,21,35,335,4.293357487922706,"0,0,0,0"
6.566666666666666,906,AV,0,4,3,1562,4.293357487922706,"0,0,0,0"
6.283333333333333,976,AV,3,4,3,1673,4.293357487922706,"0,0,0,0"
6.1,948,AV,3,4,3,1618,4.293357487922706,"0,0,0,0"
5.233333333333333,51,AV,1,4,3,109,4.293357487922706,"0,0,0,0"
3.933333333333333,605,AV,2,89,2,1107,4.293357487922706,"0,0,0,0"
5.816666666666666,232,AV,1,4,20,399,4.293357487922706,"0,0,0,0"
6.766666666666667,688,AV,3,7,10,1246,4.293357487922706,"0,0,0,0"
3.6166666666666667,278,AV,1,46,3,487,4.293357487922706,"0,0,0,0"
2.4833333333333334,293,AV,2,16,46,521,4.293357487922706,"0,0,0,0"
4.35,321,AV,2,39,9,588,4.293357487922706,"0,0,0,0"
5.166666666666667,299,AV,1,11,5,529,4.293357487922706,"0,0,0,0"
5.4,807,AV,1,4,20,1420,4.293357487922706,"0,0,0,0"
2.8833333333333333,67,AV,1,20,3,141,4.293357487922706,"0,0,0,0"
5.55,759,AV,2,4,20,1376,4.293357487922706,"0,0,0,0"
6.183333333333334,670,AV,0,4,3,1229,4.293357487922706,"0,0,0,0"
4.866666666666666,420,AV,0,11,3,789,4.293357487922706,"0,0,0,0"
6.983333333333333,827,AV,3,11,20,1444,4.293357487922706,"0,0,0,0"
3.216666666666667,511,AV,2,0,12,925,4.293357487922706,"0,0,0,0"
4.616666666666666,834,AV,0,4,20,1455,4.293357487922706,"0,0,0,0"
4.733333333333333,415,AV,3,4,4,783,4.293357487922706,"0,0,0,0"
4.45,1001,AV,1,126,108,1712,4.293357487922706,"0,0,0,0"
5.466666666666667,427,AV,0,0,5,801,4.293357487922706,"0,0,0,0"
6.833333333333333,575,AV,0,1,10,1056,4.293357487922706,"0,0,0,0"
2.2,875,AV,3,37,81,1517,4.293357487922706,"0,0,0,0"
5.566666666666666,349,AV,1,7,10,675,4.293357487922706,"0,0,0,0"
6.533333333333333,695,AV,3,11,2,1263,4.293357487922706,"0,0,0,0"
3.533333333333333,831,AV,0,11,20,1450,4.293357487922706,"0,0,0,0"
5.816666666666666,867,AV,3,110,10,1500,4.293357487922706,"0,0,0,0"
4.8,514,AV,2,24,10,931,4.293357487922706,"0,0,0,0"
5.95,725,AV,2,7,10,1316,4.293357487922706,"0,0,0,0"
6.5,951,AV,3,0,2,1621,4.293357487922706,"0,0,0,0"
3.1166666666666667,1009,AV,0,128,9,1743,4.293357487922706,"0,0,0,0"
5.733333333333333,794,AV,1,7,10,1410,4.293357487922706,"0,0,0,0"
2.6666666666666665,295,AV,0,11,20,524,4.293357487922706,"0,0,0,0"
7.483333333333333,359,AV,0,8,10,681,4.293357487922706,"0,0,0,0"
4.833333333333333,252,AV,2,11,20,438,4.293357487922706,"0,0,0,0"
4.733333333333333,455,AV,1,4,3,859,4.293357487922706,"0,0,0,0"
6.25,85,AV,2,11,3,172,4.293357487922706,"0,0,0,0"
2.6333333333333333,920,AV,0,4,90,1589,4.293357487922706,"0,0,0,0"
5.233333333333333,711,AV,2,11,3,1301,4.293357487922706,"0,0,0,0"
3.0833333333333335,193,AV,3,11,4,342,4.293357487922706,"0,0,0,0"
3.7,1003,AV,2,123,2,1717,4.293357487922706,"0,0,0,0"
4.85,227,AV,1,38,10,390,4.293357487922706,"0,0,0,0"
5.216666666666667,537,AV,0,4,5,984,4.293357487922706,"0,0,0,0"
5.25,159,AV,1,4,3,293,4.293357487922706,"0,0,0,0"
5.266666666666667,302,AV,0,4,5,534,4.293357487922706,"0,0,0,0"
3.75,517,AV,2,79,1,942,4.293357487922706,"0,0,0,0"
4.65,874,AV,2,11,20,1517,4.293357487922706,"0,0,0,0"
5.183333333333334,1012,AV,0,4,3,1748,4.293357487922706,"0,0,0,0"
11.083333333333334,275,AV,3,2,2,482,4.293357487922706,"0,0,0,0"
5.366666666666666,846,AV,3,11,20,1470,4.293357487922706,"0,0,0,0"
11.533333333333333,176,AV,1,0,16,324,4.293357487922706,"0,0,0,0"
3.7333333333333334,414,AV,2,7,4,782,4.293357487922706,"0,0,0,0"
5.65,887,AV,0,4,3,1536,4.293357487922706,"0,0,0,0"
5.1,686,AV,1,24,10,1245,4.293357487922706,"0,0,0,0"
4.65,38,AV,0,4,3,83,4.293357487922706,"0,0,0,0"
6.933333333333334,821,AV,0,1,10,1435,4.293357487922706,"0,0,0,0"
4.133333333333334,89,AV,1,4,3,181,4.293357487922706,"0,0,0,0"
5.866666666666666,786,AV,1,8,10,1403,4.293357487922706,"0,0,0,0"
4.883333333333334,1010,AV,0,17,5,1744,4.293357487922706,"0,0,0,0"
4.85,741,AV,0,11,3,1337,4.293357487922706,"0,0,0,0"
3.0166666666666666,446,AV,1,0,62,824,4.293357487922706,"0,0,0,0"
5.2,769,AV,0,8,9,1382,4.293357487922706,"0,0,0,0"
5.4,160,AV,1,4,3,295,4.293357487922706,"0,0,0,0"
6.55,748,AV,0,17,5,1346,4.293357487922706,"0,0,0,0"
8.1,428,AV,2,0,5,802,4.293357487922706,"0,0,0,0"
3.75,40,AV,1,0,3,88,4.293357487922706,"0,0,0,0"
5.75,630,AV,2,16,9,1157,4.293357487922706,"0,0,0,0"
4.466666666666667,196,AV,1,11,3,347,4.293357487922706,"0,0,0,0"
4.183333333333334,668,AV,2,8,89,1225,4.293357487922706,"0,0,0,0"
3.5833333333333335,288,AV,1,50,12,515,4.293357487922706,"0,0,0,0"
4.333333333333333,269,AV,1,21,43,465,4.293357487922706,"0,0,0,0"
2.9833333333333334,62,AV,3,16,5,135,4.293357487922706,"0,0,0,0"
3.6666666666666665,287,AV,1,21,4,512,4.293357487922706,"0,0,0,0"
5.766666666666667,940,AV,2,11,3,1609,4.293357487922706,"0,0,0,0"
5.583333333333333,844,AV,1,11,20,1469,4.293357487922706,"0,0,0,0"
3.9833333333333334,464,AV,0,75,1,869,4.293357487922706,"0,0,0,0"
5.7,712,AV,2,4,20,1303,4.293357487922706,"0,0,0,0"
2.6166666666666667,853,AV,0,0,3,1480,4.293357487922706,"0,0,0,0"
5.883333333333334,136,AV,1,11,3,260,4.293357487922706,"0,0,0,0"
5.9,787,AV,2,7,10,1403,4.293357487922706,"0,0,0,0"
3.433333333333333,729,AV,2,8,96,1320,4.293357487922706,"0,0,0,0"
4.9,465,AV,3,7,1,870,4.293357487922706,"0,0,0,0"
6.383333333333334,442,AV,0,0,2,818,4.293357487922706,"0,0,0,0"
2.8833333333333333,627,AV,1,94,3,1152,4.293357487922706,"0,0,0,0"
0.7333333333333333,2,AV,0,2,2,11,4.293357487922706,"0,0,0,0"
1.7333333333333334,954,AV,3,0,3,1622,4.293357487922706,"0,0,0,0"
3.6,68,AV,1,7,4,141,4.293357487922706,"0,0,0,0"
6.066666666666666,13,AV,1,6,5,31,4.293357487922706,"0,0,0,0"
2.5166666666666666,260,AV,1,31,2,453,4.293357487922706,"0,0,0,0"
4.15,220,AV,3,1,1,382,4.293357487922706,"0,0,0,0"
5.466666666666667,888,AV,1,4,3,1538,4.293357487922706,"0,0,0,0"
2.3666666666666667,158,AV,1,31,2,293,4.293357487922706,"0,0,0,0"
5.5,577,AV,2,21,79,1060,4.293357487922706,"0,0,0,0"
7.816666666666666,1018,AV,3,130,3,1756,4.293357487922706,"0,0,0,0"
4.65,772,AV,2,7,9,1385,4.293357487922706,"0,0,0,0"
3.65,637,AV,2,0,3,1164,4.293357487922706,"0,0,0,0"
2.7,555,AV,0,11,55,1010,4.293357487922706,"0,0,0,0"
5.383333333333334,429,AV,0,0,5,803,4.293357487922706,"0,0,0,0"
6.966666666666667,107,AV,3,4,3,212,4.293357487922706,"0,0,0,0"
6.816666666666666,836,AV,3,4,20,1457,4.293357487922706,"0,0,0,0"
4.883333333333334,305,AV,1,17,5,541,4.293357487922706,"0,0,0,0"
4.266666666666667,248,AV,2,43,20,429,4.293357487922706,"0,0,0,0"
8.3,320,AV,2,36,16,579,4.293357487922706,"0,0,0,0"
4.916666666666667,127,AV,1,27,2,240,4.293357487922706,"0,0,0,0"
5.2,37,AV,3,0,2,82,4.293357487922706,"0,0,0,0"
5.3,256,AV,1,11,20,450,4.293357487922706,"0,0,0,0"
4.866666666666666,439,AV,0,71,2,816,4.293357487922706,"0,0,0,0"
3.5833333333333335,700,AV,1,0,3,1278,4.293357487922706,"0,0,0,0"
4.733333333333333,876,AV,2,1,1,1518,4.293357487922706,"0,0,0,0"
7.65,677,AV,0,4,3,1237,4.293357487922706,"0,0,0,0"
4.183333333333334,491,AV,3,77,10,901,4.293357487922706,"0,0,0,0"
3.15,50,AV,1,16,5,106,4.293357487922706,"0,0,0,0"
6.416666666666667,121,AV,2,4,3,233,4.293357487922706,"0,0,0,0"
4.283333333333333,931,AV,0,16,103,1602,4.293357487922706,"0,0,0,0"
2.0166666666666666,1024,AV,3,16,109,1776,4.293357487922706,"0,0,0,0"
6.3,545,AV,2,4,5,1002,4.293357487922706,"0,0,0,0"
5.833333333333333,655,AV,1,64,20,1208,4.293357487922706,"0,0,0,0"
4.45,591,AV,2,13,4,1078,4.293357487922706,"0,0,0,0"
4.3,12,AV,1,0,3,30,4.293357487922706,"0,0,0,0"
4.116666666666666,709,AV,1,7,4,1298,4.293357487922706,"0,0,0,0"
6.0,568,AV,1,4,5,1047,4.293357487922706,"0,0,0,0"
7.166666666666667,638,AV,2,96,3,1167,4.293357487922706,"0,0,0,0"
3.1166666666666667,266,AV,0,44,20,462,4.293357487922706,"0,0,0,0"
4.516666666666667,818,AV,3,4,20,1431,4.293357487922706,"0,0,0,0"
7.55,169,AV,2,4,31,308,4.293357487922706,"0,0,0,0"
5.266666666666667,328,AV,1,7,10,607,4.293357487922706,"0,0,0,0"
5.4,469,AV,0,4,2,875,4.293357487922706,"0,0,0,0"
7.0,0,AV,0,0,0,5,4.293357487922706,"0,0,0,0"
5.95,704,AV,0,101,22,1287,4.293357487922706,"0,0,0,0"
3.6666666666666665,383,AV,0,63,5,726,4.293357487922706,"0,0,0,0"
6.2,274,AV,3,4,5,481,4.293357487922706,"0,0,0,0"
3.3833333333333333,648,AV,2,0,3,1182,4.293357487922706,"0,0,0,0"
7.416666666666667,462,AV,0,1,10,864,4.293357487922706,"0,0,0,0"
5.566666666666666,208,AV,0,11,3,366,4.293357487922706,"0,0,0,0"
4.083333333333333,777,AV,1,7,9,1388,4.293357487922706,"0,0,0,0"
5.766666666666667,790,AV,0,7,10,1405,4.293357487922706,"0,0,0,0"
4.333333333333333,86,AV,3,11,4,176,4.293357487922706,"0,0,0,0"
5.566666666666666,606,AV,1,1,1,1107,4.293357487922706,"0,0,0,0"
2.9833333333333334,395,AV,1,16,5,752,4.293357487922706,"0,0,0,0"
3.6666666666666665,66,AV,3,19,12,140,4.293357487922706,"0,0,0,0"
5.25,613,AV,0,4,3,1121,4.293357487922706,"0,0,0,0"
7.333333333333333,632,AV,2,4,3,1158,4.293357487922706,"0,0,0,0"
5.4,590,AV,0,4,5,1078,4.293357487922706,"0,0,0,0"
7.35,937,AV,2,4,3,1607,4.293357487922706,"0,0,0,0"
6.466666666666667,592,AV,2,4,5,1080,4.293357487922706,"0,0,0,0"
6.483333333333333,656,AV,2,4,3,1211,4.293357487922706,"0,0,0,0"
2.6,17,AV,1,8,7,55,4.293357487922706,"0,0,0,0"
6.6,436,AV,1,1,10,814,4.293357487922706,"0,0,0,0"
4.733333333333333,547,AV,0,1,1,1002,4.293357487922706,"0,0,0,0"
4.25,41,AV,1,11,3,89,4.293357487922706,"0,0,0,0"
5.35,773,AV,2,0,2,1385,4.293357487922706,"0,0,0,0"
4.233333333333333,443,AV,1,4,20,820,4.293357487922706,"0,0,0,0"
5.75,419,AV,1,7,10,788,4.293357487922706,"0,0,0,0"
5.366666666666666,303,AV,1,4,5,536,4.293357487922706,"0,0,0,0"
2.9833333333333334,915,AV,0,113,10,1583,4.293357487922706,"0,0,0,0"
5.05,15,AV,1,4,3,37,4.293357487922706,"0,0,0,0"
5.716666666666667,402,AV,0,0,5,775,4.293357487922706,"0,0,0,0"
5.466666666666667,979,AV,0,17,5,1679,4.293357487922706,"0,0,0,0"
4.933333333333334,75,AV,2,13,4,154,4.293357487922706,"0,0,0,0"
3.066666666666667,392,AV,3,68,2,751,4.293357487922706,"0,0,0,0"
5.5,296,AV,3,4,5,524,4.293357487922706,"0,0,0,0"
3.5,907,AV,3,47,3,1563,4.293357487922706,"0,0,0,0"
4.483333333333333,828,AV,1,1,1,1444,4.293357487922706,"0,0,0,0"
3.4,796,AV,3,8,2,1412,4.293357487922706,"0,0,0,0"
4.833333333333333,134,AV,2,11,3,249,4.293357487922706,"0,0,0,0"
4.833333333333333,973,AV,1,17,16,1665,4.293357487922706,"0,0,0,0"
4.45,735,AV,1,11,3,1328,4.293357487922706,"0,0,0,0"
4.183333333333334,926,AV,3,16,9,1594,4.293357487922706,"0,0,0,0"
4.283333333333333,958,AV,1,4,4,1632,4.293357487922706,"0,0,0,0"
4.65,1,Human,1,1,1,5,-4.65,"-4.6865689336847725,-4.650000000004045,-4.657122265518908,-4.6760681054016215"
2.15,3,Human,3,0,3,11,-2.15,"-3.1448265858568005,-3.20080667416919,-3.15902829789356,-2.1500000000000017"
3.1,4,Human,0,3,3,11,-3.1,"-3.1000000000000005,-3.1119069458857807,-3.118878536990709,-3.1619062906602533"
5.333333333333333,5,Human,1,4,3,12,-5.333333333333333,"-5.470576533008844,-5.333333333333605,-5.449226708850819,-5.480857745136974"
5.316666666666666,7,Human,1,4,3,15,-5.316666666666666,"-5.376339615248844,-5.316666666666891,-5.369135146866818,-5.349182430295883"
5.183333333333334,10,Human,1,4,3,26,-5.183333333333334,"-5.2559299816995635,-5.183307379124483,-5.267512103735814,-5.210444012171647"
5.183333333333334,11,Human,1,4,3,28,-5.183333333333334,"-5.244229543791121,-5.183307379124483,-5.2302580290575875,-5.249549877939413"
4.266666666666667,14,Human,1,1,1,33,-4.266666666666667,"-4.290960333844739,-4.2666926144908475,-4.292910558196525,-4.291281973326348"
0.85,16,Human,0,7,6,39,-0.85,"-0.8500000000000006,-1.050407967362611,-1.9828099562359145,-1.7689318636021725"
1.9166666666666667,18,Human,0,9,8,56,-1.9166666666666667,"-1.9166666666707628,-2.2914863789314124,-1.9407669544709805,-2.027528439451463"
4.116666666666666,19,Human,0,8,9,57,-4.116666666666666,"-4.116666673054402,-4.16665132586845,-4.1742208921351125,-4.148037162338769"
4.666666666666667,20,Human,1,4,3,57,-4.666666666666667,"-4.953787090457787,-4.666692851002373,-4.950960796336434,-4.702148702351531"
4.1,23,Human,2,7,9,61,-4.1,"-4.111032568301971,-4.1215098764502045,-4.100000000000003,-4.237178747607392"
4.2,24,Human,0,12,10,69,-4.2,"-4.199999773145091,-4.427596870277193,-4.816280494425326,-4.4287366024179216"
4.383333333333334,27,Human,1,11,3,73,-4.383333333333334,"-4.483296903521668,-4.383307148998323,-4.482681325584115,-4.412636324199832"
4.3,28,Human,1,11,3,75,-4.3,"-4.361577185015809,-4.299974042521604,-4.375046864373834,-4.374442340365585"
3.9166666666666665,29,Human,2,11,2,77,-3.9166666666666665,"-4.243991763858892,-4.218545160066618,-3.9166926144867635,-4.3915982153955895"
4.35,33,Human,1,4,3,81,-4.35,"-4.417757328840292,-4.350000236509631,-4.450217910942343,-4.415563350946999"
3.45,34,Human,2,13,4,82,-3.45,"-3.4694152671003606,-3.661336871543434,-3.4499999999943722,-3.5103755025984476"
2.3333333333333335,35,Human,0,14,3,82,-2.3333333333333335,"-2.333281437689064,-2.333855452683809,-2.339713836377082,-2.4998095825803324"
4.283333333333333,39,Human,1,4,3,86,-4.283333333333333,"-4.417729159646289,-4.283333346257159,-4.422617910942343,-4.387296684280332"
4.266666666666667,42,Human,1,11,3,91,-4.266666666666667,"-4.313454462735419,-4.266666660276952,-4.363143214031473,-4.56449758989557"
6.533333333333333,43,Human,0,11,2,92,-6.533333333333333,"-6.533364170825024,-6.704441563163289,-6.548309405976127,-6.546362653175437"
4.05,44,Human,1,4,3,93,-4.05,"-4.181196661050365,-4.050000000000008,-4.226617910942343,-4.2814300176136655"
5.75,46,Human,3,11,13,96,-5.75,"-5.840487494425352,-5.890570964101865,-5.888973849157173,-5.750876432442316"
1.1333333333333333,47,Human,0,15,1,101,-1.1333333333333333,"-1.1333333333333329,-1.2982083892364769,-2.5921691175285866,-1.3116600672562104"
2.683333333333333,48,Human,0,4,4,101,-2.683333333333333,"-2.683359508013402,-3.2014403774203792,-3.0532497538682053,-3.2688782892044896"
3.75,56,Human,3,7,4,128,-3.75,"-3.7737299761213476,-3.772192732958434,-3.776382465112132,-3.75000023651629"
4.2,59,Human,2,1,1,132,-4.2,"-4.572785158368405,-4.572228808205344,-4.201634485764478,-4.580454272675339"
4.866666666666666,60,Human,1,4,3,133,-4.866666666666666,"-4.9306805297389,-4.866692847735067,-4.9890514630031,-5.124313095214559"
4.333333333333333,63,Human,0,7,10,136,-4.333333333333333,"-4.3328922204017815,-4.511050612077049,-4.443368798932557,-4.589835067976218"
0.75,70,Human,0,13,14,149,-0.75,"-0.750000000000002,-1.550674985616997,-1.550975105665016,-1.713744489876584"
2.45,72,Human,1,8,15,150,-2.45,"-2.58061454636929,-2.44999976675087,-2.6764211861850575,-2.5102163521440546"
4.516666666666667,74,Human,1,4,3,154,-4.516666666666667,"-4.591329159646288,-4.516952984901778,-4.639147463003099,-4.606170220171647"
4.533333333333333,76,Human,1,4,3,155,-4.533333333333333,"-4.743165328840291,-4.533302417930492,-4.548519661057588,-4.550970476171647"
5.916666666666667,80,Human,1,11,3,164,-5.916666666666667,"-6.053170856150668,-5.916107445411625,-6.075584990313477,-6.07640340524979"
4.383333333333334,81,Human,1,11,3,166,-4.383333333333334,"-4.641794043546423,-4.383068471503261,-4.661242955155725,-4.814214606178918"
4.316666666666666,84,Human,1,11,3,171,-4.316666666666666,"-5.485166491672324,-4.316952959200883,-5.572099621707167,-5.634060559002668"
5.55,88,Human,1,11,3,179,-5.55,"-5.606275420999729,-5.550872292105826,-5.609183633305921,-5.620765466975021"
5.566666666666666,90,Human,1,11,3,181,-5.566666666666666,"-5.678294947936428,-5.56728361276464,-5.652525433800626,-5.867419908792252"
4.066666666666666,92,Human,1,4,3,183,-4.066666666666666,"-4.115725328840291,-4.0666924693621205,-4.1828114630031,-4.10730707350498"
5.5,96,Human,1,4,3,189,-5.5,"-5.600021379942177,-5.500616730676256,-5.5697361730575885,-5.59944790235153"
5.383333333333334,97,Human,1,4,3,191,-5.383333333333334,"-5.5797199955069585,-5.384262467811424,-5.567857474390921,-5.5483712694706515"
5.4,98,Human,1,4,3,192,-5.4,"-5.565559995506958,-5.400507562911989,-5.523297149655318,-5.501638321881225"
5.866666666666666,99,Human,2,1,1,194,-5.866666666666666,"-5.899405730394384,-5.8992141305169845,-5.866385327213473,-5.8998939013878005"
5.3,100,Human,1,11,3,195,-5.3,"-5.365311084920535,-5.300026297381532,-5.4346173255841155,-5.357194516923648"
4.5,119,Human,0,7,10,231,-4.5,"-4.5359824758701865,-5.567065492724644,-5.608320759687408,-5.530651527447942"
3.783333333333333,120,Human,3,7,4,233,-3.783333333333333,"-3.8214425541304715,-3.828092082591803,-3.823267427530003,-3.7830210512787206"
4.383333333333334,122,Human,0,7,10,234,-4.383333333333334,"-4.4224579173923715,-5.431780114584747,-5.435882070663023,-5.450702697452159"
4.166666666666667,123,Human,0,0,21,235,-4.166666666666667,"-4.166723032069278,-4.316021948819889,-4.196357015174588,-4.50474620550078"
2.4,126,Human,0,8,21,238,-2.4,"-2.400026177950285,-2.4836492573320763,-2.428081118295924,-2.6346622104565367"
4.066666666666666,129,Human,0,4,20,245,-4.066666666666666,"-4.066926839224375,-4.903726724198155,-4.908368745761512,-4.830678381083217"
4.2,133,Human,3,16,9,248,-4.2,"-4.450398392400728,-4.229511048122633,-4.448560444587061,-4.200254939810654"
5.883333333333334,135,Human,1,4,3,258,-5.883333333333334,"-6.228639996405566,-5.881579019824002,-6.211468370402479,-6.126657502351531"
1.6833333333333333,138,Human,1,0,23,262,-1.6833333333333333,"-1.8155744397774973,-1.6833073887887235,-1.8650823057292074,-1.9343259589160755"
1.3666666666666667,139,Human,0,29,3,264,-1.3666666666666667,"-1.366666912831022,-1.5285910764593815,-1.6510681600213881,-1.4952748702072622"
5.716666666666667,144,Human,1,4,3,269,-5.716666666666667,"-5.904080065412941,-5.714832284846695,-5.7340682050575875,-5.850595241243119"
5.55,145,Human,1,11,3,269,-5.55,"-5.654243107936429,-5.50414227978555,-5.606220126105921,-5.563341805647135"
7.033333333333333,148,Human,0,4,16,280,-7.033333333333333,"-7.033618875370138,-7.056939385232078,-7.147855691165793,-7.068152194138926"
5.333333333333333,151,Human,1,11,3,285,-5.333333333333333,"-5.356423563682476,-5.331298808195046,-5.364252121899067,-5.394443470178919"
4.116666666666666,154,Human,0,11,28,289,-4.116666666666666,"-4.116081695464308,-4.863261963603008,-5.0055253827607356,-5.0399920529181585"
4.766666666666667,155,Human,3,16,9,289,-4.766666666666667,"-4.829416103289071,-4.832243505164773,-4.8043588925222505,-4.767538848359631"
5.2,162,Human,1,4,3,298,-5.2,"-5.297191995506958,-5.201290926320971,-5.395136796336433,-5.298259211272747"
3.683333333333333,163,Human,1,11,3,299,-3.683333333333333,"-4.9584351079364275,-3.6845233987445267,-4.9783313017071675,-5.027561390523648"
4.683333333333334,167,Human,0,32,9,306,-4.683333333333334,"-4.6833024766956095,-4.762212640290281,-4.809484421005265,-4.756471711955376"
2.55,170,Human,0,0,3,315,-2.55,"-2.549682804854301,-2.621299664822966,-2.6388907012375316,-2.598351463928562"
2.816666666666667,174,Human,2,8,32,323,-2.816666666666667,"-2.8546876399631134,-2.8580461742278134,-2.817869050168151,-2.908739802213182"
8.116666666666667,175,Human,1,4,33,323,-8.116666666666667,"-8.159631455705973,-8.11436170338334,-8.158306958392762,-8.156594634173596"
1.65,177,Human,1,4,34,324,-1.65,"-1.7846900506874015,-1.6488571593949564,-1.7984909993990288,-1.9538150986422718"
4.216666666666667,181,Human,0,8,9,330,-4.216666666666667,"-4.2167897713796245,-4.68094036333612,-4.8964875588017795,-4.6768200529234605"
5.333333333333333,182,Human,1,16,10,331,-5.333333333333333,"-5.46768200581389,-5.333780754799087,-5.4654944412917015,-5.667186395389585"
7.516666666666667,183,Human,2,17,3,332,-7.516666666666667,"-7.797414820027066,-7.577309885149012,-7.515202045669048,-7.523958622029177"
4.7,184,Human,1,11,3,335,-4.7,"-4.797136903521668,-4.695995183207507,-4.885074571225179,-4.736684256562237"
4.066666666666666,188,Human,3,16,9,337,-4.066666666666666,"-4.369887268587249,-4.190655476819957,-4.105384449046815,-4.065820307422497"
5.666666666666667,189,Human,1,16,10,338,-5.666666666666667,"-6.55188037393403,-5.666984526281917,-6.2676391090933565,-6.302545928495282"
3.85,190,Human,3,1,1,339,-3.85,"-4.619164100792579,-4.60319882660979,-4.60433130327556,-3.849232899343964"
8.166666666666666,191,Human,2,17,36,340,-8.166666666666666,"-8.667037841643824,-8.770844568256543,-8.184930546143674,-8.660293441312911"
4.433333333333334,192,Human,1,11,3,340,-4.433333333333334,"-4.619938856150667,-4.43201794180656,-4.640731656980144,-4.568892751487892"
5.616666666666666,194,Human,2,1,10,343,-5.616666666666666,"-5.630574474265483,-5.630841245548861,-5.616697281013329,-5.630357847153675"
3.75,195,Human,2,1,1,346,-3.75,"-4.174493222022026,-4.171931746759123,-3.764352890189504,-4.16452078092127"
5.25,197,Human,1,0,2,347,-5.25,"-6.396754965430141,-5.249701001249589,-6.443135050468023,-6.372803755862285"
3.6,198,Human,1,13,37,348,-3.6,"-3.6203774647233127,-3.6000261627795225,-3.8990859197530705,-3.758416136965946"
4.216666666666667,201,Human,1,11,3,353,-4.216666666666667,"-4.507454462735418,-4.2164377820931955,-4.684967904558512,-4.496950923228903"
5.383333333333334,202,Human,0,4,20,354,-5.383333333333334,"-5.374681673611367,-5.486674564198154,-5.5665695978298935,-5.69063339713324"
5.216666666666667,204,Human,0,4,20,356,-5.216666666666667,"-5.21731931026247,-5.268952271914359,-5.268663464496561,-5.514812509687355"
5.166666666666667,205,Human,0,4,20,357,-5.166666666666667,"-5.1697637876614015,-5.372890405247693,-5.346858664496562,-5.2430233704425255"
5.2,206,Human,0,4,20,359,-5.2,"-5.2023452706755045,-5.347626405247692,-5.294006663954035,-5.312724703775859"
3.1666666666666665,207,Human,1,4,38,362,-3.1666666666666665,"-3.221665077910537,-3.166666666638146,-3.4851333311284263,-3.2703318742293246"
4.966666666666667,209,Human,0,4,20,368,-4.966666666666667,"-4.9769205913256265,-5.2799581385810255,-5.220715731163228,-5.204082570442525"
3.1,210,Human,0,35,3,370,-3.1,"-3.100000553846655,-3.1039008578416487,-3.1061023679602267,-3.113307434745036"
3.9833333333333334,211,Human,1,11,3,374,-3.9833333333333334,"-4.139454462735419,-3.984945289517579,-4.23340988069814,-4.28851540524979"
3.2666666666666666,212,Human,0,36,20,375,-3.2666666666666666,"-3.2686020709499513,-3.3931309628587054,-3.720544676796404,-3.592679778792567"
4.716666666666667,213,Human,1,0,39,376,-4.716666666666667,"-5.043138134832563,-4.716666759576178,-5.0475548296016015,-4.842944834577792"
2.0833333333333335,221,Human,3,37,41,383,-2.0833333333333335,"-2.0878631882032472,-2.0880265636480186,-2.1053028921984134,-2.0824029869391407"
6.466666666666667,222,Human,0,8,9,383,-6.466666666666667,"-6.466666428309061,-6.62618802400223,-6.673254047041423,-6.616721919590127"
5.216666666666667,223,Human,1,11,3,384,-5.216666666666667,"-5.231250614349143,-5.216665255829563,-5.233651620467292,-5.494956436152252"
5.15,224,Human,1,11,3,386,-5.15,"-5.175045609650761,-5.147552583684339,-5.241411092974457,-5.3169676421753085"
4.783333333333333,228,Human,0,4,20,395,-4.783333333333333,"-4.7818767595426,-4.788631673226282,-5.0300973306207,-5.014719370442526"
0.6166666666666667,229,Human,0,16,5,396,-0.6166666666666667,"-0.6166099742412663,-1.694644092338159,-1.0860939048045422,-1.2390377173187488"
4.9,231,Human,1,11,3,399,-4.9,"-5.218368521345981,-4.899787278978807,-4.998601593800625,-5.030185167487893"
4.666666666666667,233,Human,0,4,20,400,-4.666666666666667,"-4.666261248408934,-4.820189006559615,-4.847157118263916,-4.8573684563540205"
2.966666666666667,238,Human,0,39,9,413,-2.966666666666667,"-2.96642809157821,-3.102590961747061,-3.0753505106578274,-3.067186218475871"
4.583333333333333,243,Human,1,11,3,419,-4.583333333333333,"-4.623194221746762,-4.584048838082246,-4.64198933898607,-4.6727203498353935"
3.1333333333333333,244,Human,2,4,10,423,-3.1333333333333333,"-3.2905309724724443,-3.18101986688814,-3.1335346302741165,-3.2012369917383108"
5.333333333333333,245,Human,0,4,20,423,-5.333333333333333,"-5.333619479080156,-5.597538339892949,-5.737871997829894,-5.679667637109192"
4.316666666666666,246,Human,1,16,10,424,-4.316666666666666,"-5.059869935317778,-4.365181541631736,-5.646951109093356,-5.113577127570314"
5.116666666666666,250,Human,1,16,10,434,-5.116666666666666,"-5.3605402458138895,-5.116869505404347,-5.379235511855798,-5.377320582056251"
4.516666666666667,253,Human,1,1,1,446,-4.516666666666667,"-4.60915386214316,-4.516640946310918,-4.52375030008845,-4.529150299949337"
4.716666666666667,254,Human,3,1,1,448,-4.716666666666667,"-4.91221930304786,-4.8381686805617905,-4.804537836571784,-4.71584304761641"
2.816666666666667,258,Human,1,11,4,451,-2.816666666666667,"-3.9150189122877794,-2.8417575874088397,-3.960315074133926,-3.912941850890486"
4.816666666666666,259,Human,3,1,1,452,-4.816666666666666,"-5.296459024932936,-5.34933287111114,-5.302335770199739,-4.8141327056610095"
4.816666666666666,262,Human,3,1,1,455,-4.816666666666666,"-5.432830330209208,-5.515554940336698,-5.479151455884906,-4.815009961452509"
6.5,265,Human,0,4,5,459,-6.5,"-6.499713584881597,-6.549327418935061,-6.609014852828819,-6.813183587128828"
1.0333333333333334,271,Human,1,45,10,474,-1.0333333333333334,"-1.2575271843319042,-1.0341521701133625,-1.1276765711912289,-1.117757798536425"
5.033333333333333,273,Human,3,16,9,481,-5.033333333333333,"-5.195723679363755,-5.4876177147893,-5.2064049753361585,-5.03301889064891"
5.233333333333333,281,Human,3,1,1,495,-5.233333333333333,"-5.256405709537994,-5.249366292540181,-5.245010147932775,-5.231378313383599"
4.1,283,Human,0,4,20,500,-4.1,"-4.100008643410968,-4.539538339892949,-4.584358397829894,-4.480908546386489"
1.3,284,Human,0,48,3,504,-1.3,"-1.3005597751417648,-1.3469472742300663,-1.9859290008299932,-1.3189111440112404"
2.35,285,Human,1,49,3,507,-2.35,"-2.4358885550959477,-2.3486492817787252,-2.4490472483449395,-2.4912618668777813"
2.4833333333333334,289,Human,0,22,20,515,-2.4833333333333334,"-2.483675395608603,-2.626546729274864,-2.535587323482309,-2.538964294717167"
5.216666666666667,291,Human,1,16,10,517,-5.216666666666667,"-5.263354750938586,-5.216670522224918,-5.422027774625035,-5.4751325951619485"
3.0833333333333335,292,Human,1,7,1,521,-3.0833333333333335,"-3.2377573386712326,-3.0830605412875407,-3.413960774479176,-3.382987014106191"
3.9833333333333334,298,Human,0,11,47,528,-3.9833333333333334,"-3.9835453095211153,-4.322810286984196,-4.361197249027024,-4.125977421086889"
2.05,300,Human,0,51,20,531,-2.05,"-2.0500559925031308,-2.1732302320496233,-2.2546072032844817,-2.2408563045088448"
3.5166666666666666,301,Human,0,4,20,533,-3.5166666666666666,"-3.5133991960383106,-3.8464036560827317,-3.9165083299425425,-3.928909016316445"
3.55,304,Human,0,11,20,537,-3.55,"-3.54998887783513,-3.9790898340041565,-3.9007419057471804,-3.9867425921210824"
4.733333333333333,308,Human,0,17,5,548,-4.733333333333333,"-4.731616762124276,-4.841741767675017,-4.839329629054427,-4.8274056789101545"
6.533333333333333,310,Human,2,11,5,551,-6.533333333333333,"-6.487947005097407,-6.679288899160011,-6.411354401357996,-6.486504339550325"
6.466666666666667,311,Human,0,4,5,552,-6.466666666666667,"-6.467673331549509,-6.5000921894518715,-6.644268807109741,-6.503456050167568"
2.283333333333333,312,Human,3,52,20,555,-2.283333333333333,"-2.5082064669843915,-2.5098125093149477,-2.5212234834598695,-2.282013175172648"
4.716666666666667,313,Human,1,0,2,562,-4.716666666666667,"-5.504441888959078,-4.7179452800161386,-5.383201529037997,-5.466124932534819"
2.8666666666666667,315,Human,0,0,3,564,-2.8666666666666667,"-2.8662043649579094,-2.8979780326686857,-2.9029229049815153,-2.8876828920821787"
2.7666666666666666,317,Human,3,0,3,572,-2.7666666666666666,"-2.8213455420418034,-2.8903405408358567,-2.8810176312268934,-2.7666665760741935"
3.183333333333333,318,Human,0,11,20,573,-3.183333333333333,"-3.1837619818828453,-3.6743278656314935,-3.573294048850642,-3.6753949068180196"
2.216666666666667,322,Human,0,8,49,593,-2.216666666666667,"-2.216639862345118,-2.225849349652028,-2.3337058795296377,-2.2395184122102236"
1.05,323,Human,0,4,50,593,-1.05,"-1.0500264207609202,-1.1668958349633094,-1.191131437525106,-1.192731740863894"
0.5666666666666667,327,Human,0,16,5,606,-0.5666666666666667,"-0.565763371975208,-1.694644092338159,-1.0860939048045422,-1.2390377173187488"
3.7,330,Human,0,7,10,611,-3.7,"-3.7014368985795096,-4.4150071317629775,-4.3917997371389585,-4.4469870679762185"
2.783333333333333,331,Human,0,7,9,613,-2.783333333333333,"-2.7817544482452097,-3.722661577783538,-3.7414161570115545,-3.8806480430090584"
4.15,332,Human,0,7,10,614,-4.15,"-4.210984035438244,-5.08389956789633,-5.081217273415147,-5.082032036592891"
2.8666666666666667,333,Human,1,0,51,615,-2.8666666666666667,"-3.556414390444377,-2.8836408731601026,-3.5648437480231707,-3.562885653520969"
5.083333333333333,334,Human,0,7,10,616,-5.083333333333333,"-5.085270457299796,-5.216394340050115,-5.177380900081814,-5.14916273445945"
3.933333333333333,336,Human,0,7,9,618,-3.933333333333333,"-3.933619676023686,-4.023976223116872,-4.047424748329859,-3.974465434509241"
4.183333333333334,339,Human,0,11,4,637,-4.183333333333334,"-4.185116031401099,-4.201819757109839,-4.316142303334259,-4.203326572582279"
3.65,340,Human,0,55,20,645,-3.65,"-3.650845732625358,-3.9219246304482924,-3.8409633688579827,-3.9498539108521746"
5.2,341,Human,0,17,5,645,-5.2,"-5.19842124219286,-5.322104552953593,-5.367634316097929,-5.350922859866051"
5.133333333333334,344,Human,1,0,53,667,-5.133333333333334,"-5.257919087265224,-5.133787702750778,-5.185596101702865,-5.247588353320283"
1.1333333333333333,348,Human,0,58,3,674,-1.1333333333333333,"-1.133300469626355,-1.260118627724668,-1.5547920824197208,-1.4682393475748827"
4.016666666666667,350,Human,0,4,40,676,-4.016666666666667,"-4.017549631275604,-4.180253979921373,-4.22257102644605,-4.205124249137972"
4.166666666666667,352,Human,0,7,10,676,-4.166666666666667,"-4.168837294784696,-4.279080310046318,-4.703656338090364,-4.425207168303606"
3.3666666666666667,353,Human,0,7,9,678,-3.3666666666666667,"-3.3668618599402937,-3.9460952568934973,-3.7397796020789893,-3.734170700843988"
2.4833333333333334,354,Human,0,0,3,679,-2.4833333333333334,"-2.485808075985083,-2.597966331489633,-2.6155573679041986,-2.5116355809498714"
3.0,355,Human,0,7,55,680,-3.0,"-2.9961365208444946,-3.0776686167627605,-3.0782423614110876,-3.0090000177830794"
4.133333333333334,356,Human,1,13,56,680,-4.133333333333334,"-4.132838061434283,-4.1304561566825635,-4.134769119409738,-4.134026173452659"
2.4166666666666665,358,Human,0,0,3,680,-2.4166666666666665,"-2.418238335309487,-2.8677063985250397,-2.8757792276566922,-2.617931354546752"
3.283333333333333,362,Human,0,59,10,686,-3.283333333333333,"-3.2828044309124658,-3.3250443928799736,-3.294491369216979,-3.438563601903252"
4.033333333333333,363,Human,0,7,10,686,-4.033333333333333,"-4.035925764675282,-4.575443631938267,-4.572016183172622,-4.549488401309551"
5.5,364,Human,2,17,5,686,-5.5,"-5.506618347205369,-5.506934633661922,-5.452248574610868,-5.50694016691841"
2.9833333333333334,366,Human,0,7,9,691,-2.9833333333333334,"-2.986969565460048,-3.424190278021204,-3.5516622687456563,-3.4935769011759064"
3.4833333333333334,367,Human,2,7,58,692,-3.4833333333333334,"-3.5024589160957675,-3.498950596163602,-3.4821442676273513,-3.489391965125547"
2.0166666666666666,368,Human,0,47,2,693,-2.0166666666666666,"-2.019109140945761,-2.0949469376922836,-2.1307075746065167,-2.1279341310375846"
2.3833333333333333,369,Human,0,60,5,694,-2.3833333333333333,"-2.3826316148031124,-2.3938161430878626,-2.422619973815554,-2.5144636256230357"
3.9166666666666665,370,Human,0,7,10,694,-3.9166666666666665,"-3.918312231043294,-4.4518615813703875,-4.465554403805625,-4.458683067976218"
2.95,374,Human,0,7,9,699,-2.95,"-2.9470460012437503,-3.5954793107751386,-3.5765532816631915,-3.7293667678425737"
2.2,375,Human,0,0,3,706,-2.2,"-2.195731987206049,-2.2557912476953743,-2.277780043213581,-2.2183083121087113"
5.083333333333333,378,Human,0,7,10,711,-5.083333333333333,"-5.084262438696868,-5.33691966509631,-5.2419283230445,-5.226464401309553"
5.083333333333333,379,Human,0,17,5,714,-5.083333333333333,"-5.082813573780445,-5.432602556656932,-5.436915265080259,-5.459810847567826"
1.15,380,Human,0,61,2,715,-1.15,"-1.1500567071345187,-1.2191972212931248,-3.742237715820669,-1.2739179329039032"
3.95,382,Human,1,11,3,726,-3.95,"-3.9976028561506682,-3.9471069111640693,-4.113714571225178,-3.966501924199832"
4.083333333333333,385,Human,2,0,59,729,-4.083333333333333,"-4.240949464344209,-4.185119197141356,-4.0863851765996495,-4.173155033610632"
5.366666666666666,386,Human,1,11,3,732,-5.366666666666666,"-5.5979015228173346,-5.371234383080356,-5.6275903236468094,-5.488513914154559"
2.8833333333333333,388,Human,0,66,1,736,-2.8833333333333333,"-2.8826255425947984,-2.914561789805701,-2.9158317795080597,-2.9509483386178093"
2.6666666666666665,389,Human,0,16,12,738,-2.6666666666666665,"-2.666235720049157,-2.8258465590988013,-2.783881221891204,-2.962439886249676"
4.65,391,Human,1,67,5,746,-4.65,"-5.072656428648508,-4.652185972456688,-5.151502423037697,-5.076354719653968"
0.85,393,Human,0,69,12,752,-0.85,"-0.849552685367211,-2.1600544465446365,-1.3885305021936782,-1.3882303821456592"
3.7333333333333334,398,Human,3,7,4,769,-3.7333333333333334,"-3.7463840223384155,-3.7576525277552006,-3.772253978447272,-3.733228230502362"
2.8333333333333335,399,Human,0,7,9,770,-2.8333333333333335,"-2.8331833636152104,-2.967102471802256,-3.0011007853105247,-3.0998778017758584"
3.783333333333333,400,Human,3,7,4,772,-3.783333333333333,"-3.8064744284249135,-3.803757962202144,-3.8102572691936043,-3.782777788435797"
1.9833333333333334,403,Human,0,4,4,775,-1.9833333333333334,"-1.9802269922351645,-2.8383459019363038,-2.747466595567377,-2.9868782892044896"
2.3,407,Human,3,0,3,778,-2.3,"-2.3218968169553285,-2.5646329981562994,-2.592224034570865,-2.2989833429581052"
3.5,409,Human,2,11,60,779,-3.5,"-3.802681472877128,-3.8489466634829026,-3.5021895758674573,-3.974786457016212"
2.9833333333333334,411,Human,0,7,9,780,-2.9833333333333334,"-2.9880211249030695,-3.285769138468923,-3.222347294915086,-3.1629564598032163"
3.5833333333333335,417,Human,3,7,4,786,-3.5833333333333335,"-3.645323629776565,-3.648102215346235,-3.64488126743109,-3.582514413934767"
1.6166666666666667,418,Human,0,0,23,787,-1.6166666666666667,"-1.6150653960770294,-1.7762723838569574,-1.7657390756666933,-1.9343259589160755"
5.483333333333333,422,Human,0,0,5,794,-5.483333333333333,"-5.480797933616578,-5.756210291940464,-5.611317445783935,-6.023163402424331"
2.05,425,Human,3,0,3,797,-2.05,"-2.3279160661103946,-2.2557912476953743,-2.277780043213581,-2.0507523975796156"
4.583333333333333,430,Human,1,1,1,803,-4.583333333333333,"-4.692648743047861,-4.579952569375355,-4.709223540081117,-4.64860190582829"
5.45,431,Human,0,0,5,804,-5.45,"-5.453389424344482,-6.6831592530779895,-6.820521471301147,-6.785650721939464"
6.866666666666666,434,Human,0,0,5,807,-6.866666666666666,"-6.866976401869072,-6.9625047891569745,-7.460791865574709,-6.950317388606132"
6.633333333333334,435,Human,1,0,2,811,-6.633333333333334,"-7.092238985596362,-6.654193193144908,-7.3490892106191055,-7.098576990238001"
6.583333333333333,444,Human,2,1,10,822,-6.583333333333333,"-6.731788806061389,-6.651346308791723,-6.581313627915067,-6.80497275555522"
3.5166666666666666,447,Human,0,72,20,832,-3.5166666666666666,"-3.517365738254399,-3.7882428937601142,-3.798971437499983,-3.9005534092488547"
1.6333333333333333,448,Human,0,73,2,833,-1.6333333333333333,"-1.636010657721393,-1.9106750115452948,-1.7118149318762783,-1.7497385131158296"
3.45,449,Human,3,8,63,840,-3.45,"-3.478429748286879,-3.4791543854728273,-3.5047391964238157,-3.4510224611550835"
4.116666666666666,452,Human,0,4,20,852,-4.116666666666666,"-4.12177402549261,-4.236270322749399,-4.184768745761511,-4.291282349649778"
5.616666666666666,457,Human,2,17,5,861,-5.616666666666666,"-6.419182640424971,-6.454507838980277,-5.820202393774722,-6.498076471010341"
2.85,459,Human,0,7,9,861,-2.85,"-2.8468645319504917,-3.0874739774418054,-3.3015472949150872,-3.113911126469883"
5.083333333333333,463,Human,3,1,1,866,-5.083333333333333,"-5.184570842279207,-5.187686065952861,-5.186510035180161,-5.096553425454747"
3.0166666666666666,468,Human,1,21,39,874,-3.0166666666666666,"-3.0613012032840783,-3.0263957415846057,-3.1061741623543586,-3.0963183233569405"
2.25,473,Human,2,67,67,884,-2.25,"-2.480124187860775,-2.5074435135425905,-2.2468202308427925,-2.5017159400132654"
4.966666666666667,478,Human,1,1,1,892,-4.966666666666667,"-5.15949929824459,-4.957133216574809,-5.149176956491148,-5.260085739671008"
3.8666666666666667,479,Human,3,8,0,894,-3.8666666666666667,"-3.9156070673155776,-3.92331487469888,-3.9234002598922224,-3.8692521730452523"
2.966666666666667,482,Human,1,11,69,895,-2.966666666666667,"-3.039599994627029,-2.9735827864672455,-3.100876441423581,-3.191430719577295"
3.0,483,Human,0,8,70,896,-3.0,"-3.0064634494716977,-3.041962689064107,-3.1674252771242415,-3.046325802891351"
5.983333333333333,484,Human,3,1,1,896,-5.983333333333333,"-6.163817218240252,-6.079517337846931,-6.08322735337919,-6.0171428339771715"
4.95,489,Human,1,1,1,899,-4.95,"-6.019524705471338,-4.949399589496215,-6.1727601295562815,-6.012453777734612"
5.0,490,Human,2,4,5,900,-5.0,"-5.089503969752115,-5.090917945376655,-5.013496043925904,-5.095901622018611"
5.133333333333334,495,Human,0,0,2,904,-5.133333333333334,"-5.171715325325794,-6.43140994970906,-6.633334258827269,-6.681058925523734"
6.683333333333334,496,Human,0,0,2,905,-6.683333333333334,"-6.670210254845834,-6.790244015350649,-6.7766973081295605,-6.764615673752321"
6.616666666666666,499,Human,0,0,2,907,-6.616666666666666,"-6.598171284672039,-6.758805405776635,-6.718286962354908,-6.919911470294523"
6.566666666666666,500,Human,0,4,5,908,-6.566666666666666,"-6.557302398486767,-6.584355164541392,-6.6125231062845815,-6.7343870891765985"
6.583333333333333,501,Human,0,0,5,911,-6.583333333333333,"-6.585778857883932,-7.042512898398433,-7.311135338569428,-7.012429596299674"
3.1,502,Human,0,0,3,911,-3.1,"-3.0988421461547846,-3.1475350093781547,-3.241778705700283,-3.125293039482727"
6.7,503,Human,2,1,10,912,-6.7,"-7.776242386996906,-7.785860063598358,-6.725848915273745,-7.7731549045454535"
5.65,505,Human,3,1,1,918,-5.65,"-5.963156413255613,-5.797977643430495,-5.748646121813443,-5.682672151542054"
2.933333333333333,507,Human,0,16,71,921,-2.933333333333333,"-2.9368908998283496,-3.0188840230116525,-3.0273154666618276,-3.053442687370125"
2.966666666666667,508,Human,0,0,3,922,-2.966666666666667,"-2.965591154977044,-3.0337063985250396,-3.047779227656692,-2.971329668487783"
6.65,509,Human,0,0,5,923,-6.65,"-6.643105222739965,-7.09343415693175,-7.138089300634482,-7.219465756299673"
4.45,519,Human,0,81,2,944,-4.45,"-4.4581139382228425,-5.746499820558895,-5.693855017188511,-5.63592979368084"
7.333333333333333,523,Human,2,1,10,957,-7.333333333333333,"-7.380650801958682,-7.380703819750803,-7.333368806403422,-7.380339790309657"
4.966666666666667,526,Human,3,1,1,964,-4.966666666666667,"-5.115839900981636,-5.101615127177723,-5.3218987846581545,-4.998083524092398"
4.916666666666667,528,Human,3,1,1,968,-4.916666666666667,"-5.230345308253104,-5.270711695787272,-5.057442579722778,-4.950242378452431"
4.983333333333333,530,Human,3,1,1,970,-4.983333333333333,"-5.323628383054161,-5.358225201391148,-5.314209865479219,-5.0224487933976105"
5.083333333333333,532,Human,3,1,1,973,-5.083333333333333,"-5.654556814045856,-5.595895684129224,-5.619348956476109,-5.1226664569292675"
1.6666666666666667,534,Human,0,82,1,976,-1.6666666666666667,"-1.664860469209526,-2.191654282816058,-1.883164031224354,-2.6100259542129614"
4.25,535,Human,1,11,3,978,-4.25,"-4.284908951587201,-4.248391799688823,-4.3130151922507824,-4.296312612821225"
5.316666666666666,536,Human,0,55,5,981,-5.316666666666666,"-5.31676068167498,-6.229228537063851,-6.279642356821139,-6.178498602212469"
5.183333333333334,540,Human,0,11,5,990,-5.183333333333334,"-5.193850751060518,-5.359237081142398,-5.410433631783443,-5.559693036958097"
3.9833333333333334,541,Human,1,11,3,994,-3.9833333333333334,"-4.677192189484002,-3.9837143627618836,-4.718480990313477,-4.643795405249789"
6.716666666666667,543,Human,2,1,10,1000,-6.716666666666667,"-7.039606371501121,-7.21263371229337,-6.716726749289236,-7.114993410844274"
6.5,550,Human,2,11,5,1004,-6.5,"-6.528166836916505,-6.568167889727491,-6.5007155532196,-6.560906835099571"
8.15,557,Human,0,17,3,1014,-8.15,"-8.145153566209792,-8.222849846495368,-8.209622698355634,-8.215793933514847"
4.566666666666666,558,Human,0,4,76,1016,-4.566666666666666,"-4.546737182955239,-4.9374598210997505,-4.752329529390999,-4.686484320986231"
2.8666666666666667,559,Human,2,84,1,1019,-2.8666666666666667,"-3.0265967345923492,-3.0023478842119964,-2.867319271074692,-3.060356373682551"
0.6833333333333333,561,Human,0,16,5,1024,-0.6833333333333333,"-0.6806134714727828,-1.694644092338159,-1.0860939048045422,-1.2390377173187488"
5.05,563,Human,3,4,52,1033,-5.05,"-5.348715040948164,-5.346379572099266,-5.354046678861587,-5.07387175447139"
6.05,565,Human,2,1,10,1041,-6.05,"-7.050703105888632,-7.017035513627225,-6.053826844223699,-7.028678460528095"
5.033333333333333,566,Human,0,1,1,1044,-5.033333333333333,"-5.061572622081071,-5.225997923955595,-5.218587567633854,-5.218718916080347"
5.016666666666667,576,Human,3,1,1,1058,-5.016666666666667,"-5.127887649382733,-5.12236330796818,-5.115059161881576,-5.035272049178161"
1.5833333333333333,580,Human,0,21,80,1062,-1.5833333333333333,"-1.5789166906843157,-2.263168348692969,-2.166658297588294,-2.0090353347962657"
3.0166666666666666,582,Human,0,7,1,1064,-3.0166666666666666,"-3.038209705554272,-4.889664496939265,-5.0450039165333385,-5.0891453512223706"
3.816666666666667,583,Human,3,1,81,1065,-3.816666666666667,"-3.8281661545973513,-3.8261748319424167,-3.813645005420285,-3.813879874083433"
5.35,584,Human,2,11,5,1066,-5.35,"-5.434969152975528,-5.531580966680429,-5.353374400522111,-5.423406304948811"
2.033333333333333,585,Human,3,0,3,1070,-2.033333333333333,"-2.248458686066941,-2.2557912476953743,-2.277780043213581,-2.034137156204837"
1.9166666666666667,588,Human,0,13,82,1075,-1.9166666666666667,"-1.9166432118470746,-1.9214713607278548,-2.0110271034259632,-2.039521962852816"
2.4,589,Human,0,17,16,1075,-2.4,"-2.386340398603502,-2.4229958399838845,-2.4110277003529994,-2.4727507044999375"
3.55,596,Human,0,87,5,1090,-3.55,"-3.560221080133165,-3.909303021262061,-4.0157822698382155,-4.059092281806144"
5.316666666666666,597,Human,1,17,5,1090,-5.316666666666666,"-5.325622525670727,-5.306736015544024,-5.325789539577858,-5.328006658472512"
2.4,601,Human,2,11,83,1095,-2.4,"-2.4300182393033216,-2.6323129142474357,-2.40053097348732,-2.5838961555075595"
3.8333333333333335,602,Human,1,11,3,1098,-3.8333333333333335,"-4.652763570188334,-3.8273623640430694,-4.728544990313477,-4.7381637908664995"
5.283333333333333,603,Human,1,11,3,1100,-5.283333333333333,"-5.584392189484002,-5.2852397363675125,-5.611307656980143,-5.5548247385831235"
4.2,609,Human,1,16,30,1113,-4.2,"-4.2043640458673845,-4.190656677821319,-4.216084648426352,-4.3583194353160986"
5.016666666666667,611,Human,1,4,3,1118,-5.016666666666667,"-5.1412233277170305,-5.006167612246335,-5.183267662087207,-5.097384014090933"
5.933333333333334,612,Human,0,92,2,1119,-5.933333333333334,"-5.931136011795898,-6.0833537571207845,-6.015247657751078,-6.022898595951577"
4.816666666666666,614,Human,1,4,3,1123,-4.816666666666666,"-5.085650129738901,-4.82310603463023,-4.945903127724255,-4.944593430838313"
5.65,615,Human,2,0,2,1124,-5.65,"-5.88039342781801,-5.8655963440926335,-5.627186381933353,-5.8622243014692685"
3.95,616,Human,3,4,84,1124,-3.95,"-4.082476538887561,-4.103274691062087,-4.503163861024856,-3.959469653258004"
2.466666666666667,618,Human,3,0,3,1128,-2.466666666666667,"-2.476243755876679,-2.597966331489633,-2.6155573679041986,-2.464960003637958"
7.083333333333333,619,Human,0,17,20,1131,-7.083333333333333,"-7.073621853942784,-7.5245725336484846,-7.492891005860352,-7.648036865516969"
3.216666666666667,620,Human,1,11,3,1132,-3.216666666666667,"-4.711776886410118,-3.216135183174009,-4.682347933252587,-4.689532997711135"
8.816666666666666,621,Human,2,17,86,1133,-8.816666666666666,"-10.675860919753134,-8.80992262019542,-8.581112378500226,-8.871553674949075"
2.966666666666667,626,Human,1,11,3,1144,-2.966666666666667,"-4.313743084920535,-2.9694351002266797,-4.378685007133959,-4.368276087138918"
4.333333333333333,629,Human,1,4,3,1155,-4.333333333333333,"-5.418711635032896,-4.518300043094186,-5.340798637593698,-5.346867144450551"
3.7,635,Human,3,95,1,1163,-3.7,"-3.7267414563759766,-3.7827233012396624,-3.710505179557785,-3.6998939661163437"
2.6,639,Human,1,51,3,1167,-2.6,"-2.6410457682898647,-2.6000102560521756,-2.660640011191806,-2.6121008346036527"
5.6,642,Human,1,4,3,1173,-5.6,"-5.759933328840292,-5.585792875055651,-5.6617714630031,-5.605278001881224"
5.483333333333333,645,Human,1,4,3,1176,-5.483333333333333,"-5.591617063072233,-5.492574567764275,-5.586469629655317,-5.545967395337318"
5.2,646,Human,0,4,76,1177,-5.2,"-5.193546334928122,-5.450526487766417,-5.363088580340102,-6.009187456788984"
4.866666666666666,647,Human,0,11,2,1179,-4.866666666666666,"-4.8776859329728,-5.053775861386629,-4.968557166871833,-5.175057616820828"
8.116666666666667,652,Human,2,17,3,1198,-8.116666666666667,"-8.384232937650468,-8.861350689769596,-8.207847346139719,-8.501207389521877"
2.95,657,Human,0,7,9,1212,-2.95,"-2.9517343456282124,-2.9919593107751385,-2.988227602078989,-2.9977955747540204"
4.433333333333334,658,Human,0,11,65,1212,-4.433333333333334,"-4.427071213728771,-4.538593751490532,-4.495120234235742,-4.732285849267066"
3.05,660,Human,0,7,9,1215,-3.05,"-3.0539743207451475,-3.100284644108472,-3.35368062824842,-3.1853884598032165"
3.6166666666666667,661,Human,1,7,1,1217,-3.6166666666666667,"-3.648021627024149,-3.618408976713715,-3.8734352862500083,-3.7899383556946287"
4.15,662,Human,0,7,10,1218,-4.15,"-4.149216733467451,-4.176437918743715,-4.3172275230445,-4.402087168303606"
3.183333333333333,672,Human,1,7,90,1231,-3.183333333333333,"-3.270846473209938,-3.1857911450720726,-3.261126638091378,-3.3020883786199864"
5.166666666666667,674,Human,3,7,4,1233,-5.166666666666667,"-5.180259252321052,-5.173722595337864,-5.1854874136361175,-5.170096284854664"
2.0166666666666666,682,Human,1,49,3,1244,-2.0166666666666666,"-2.109585629093862,-2.022347640383399,-2.111595777203461,-2.1515773335972264"
4.233333333333333,685,Human,3,16,9,1244,-4.233333333333333,"-4.71500519050091,-4.60169417183144,-4.55473908469493,-4.265185952274718"
3.933333333333333,689,Human,0,7,9,1247,-3.933333333333333,"-3.9333940262278437,-4.040638492229423,-4.139451169265403,-4.006088901175907"
5.216666666666667,691,Human,1,0,2,1258,-5.216666666666667,"-5.395662196119991,-5.172595024208453,-5.338119686153494,-5.332881261036129"
5.05,693,Human,0,0,2,1259,-5.05,"-5.148046645994883,-5.457113691155286,-5.396244410619105,-5.480887904464168"
5.55,696,Human,1,4,3,1265,-5.55,"-5.884094385727722,-5.395021913854297,-5.661511122988651,-5.643089558838313"
3.1166666666666667,697,Human,3,0,3,1269,-3.1166666666666667,"-3.119893626555508,-3.128528731767314,-3.1226077722563437,-3.1135320931234"
5.366666666666666,699,Human,1,4,3,1275,-5.366666666666666,"-5.912527570457787,-5.382319891192756,-5.7641833363219845,-5.818316101470651"
5.166666666666667,701,Human,1,11,3,1283,-5.166666666666667,"-5.250770856150668,-5.195577913534182,-5.3920489903134765,-5.3464708726931995"
4.583333333333333,703,Human,0,4,20,1286,-4.583333333333333,"-4.669752184123595,-4.8934962581995185,-4.97717499660921,-5.089841879719823"
3.8666666666666667,705,Human,2,1,1,1290,-3.8666666666666667,"-3.88108761317579,-3.863851129518382,-3.835219424342957,-3.8644444218661493"
2.066666666666667,710,Human,0,7,77,1300,-2.066666666666667,"-2.058990947408883,-2.0861510826911895,-2.1472195818572213,-2.070400975364948"
2.933333333333333,714,Human,0,7,9,1306,-2.933333333333333,"-2.93235230477375,-3.0851558051355896,-3.060434118643858,-3.19051557475402"
3.5166666666666666,717,Human,1,11,4,1309,-3.5166666666666666,"-3.5314506204278504,-3.5205530363935083,-3.6507778791678245,-3.813081238457648"
3.566666666666667,721,Human,1,8,95,1314,-3.566666666666667,"-3.7090310688422243,-3.5628207484941807,-3.597114756215926,-3.7008111413319833"
5.566666666666666,723,Human,0,7,10,1315,-5.566666666666666,"-5.646939074710981,-6.123367412077049,-6.202913923044502,-6.175915136838113"
4.35,727,Human,0,7,9,1318,-4.35,"-4.349118735197854,-4.373881973649172,-4.358513051526561,-4.390551275419248"
4.616666666666666,728,Human,1,11,3,1318,-4.616666666666666,"-4.725990236855001,-4.612479666277412,-4.756539656980143,-4.736651983487892"
4.266666666666667,732,Human,0,7,9,1323,-4.266666666666667,"-4.24240939350791,-4.38035219889609,-4.290384502598736,-4.386876027607393"
9.016666666666667,733,Human,0,17,3,1325,-9.016666666666667,"-8.431714389445183,-9.038650053196294,-8.998969171055316,-9.016450104600148"
5.133333333333334,736,Human,0,7,10,1330,-5.133333333333334,"-5.137400382100028,-5.650757635630611,-5.745519610277844,-5.663985970928891"
4.3,737,Human,0,17,5,1331,-4.3,"-4.301103610300648,-4.366599862487833,-4.378584081350324,-4.399736892793114"
4.0,738,Human,0,7,9,1332,-4.0,"-4.013765465919913,-4.126193012450205,-4.087411617278221,-4.152397307607393"
5.083333333333333,742,Human,0,7,10,1337,-5.083333333333333,"-5.091618558053625,-5.628754078743715,-5.738860990998784,-5.821163990171447"
3.933333333333333,745,Human,0,7,9,1339,-3.933333333333333,"-3.9411423720366643,-4.007673585562756,-4.022670268745656,-4.0658891476073915"
3.95,746,Human,0,7,9,1340,-3.95,"-3.9233493810887254,-4.1323461152867775,-3.965481281663191,-4.03600179313655"
2.216666666666667,750,Human,0,73,5,1349,-2.216666666666667,"-2.2220942083247976,-2.479509713172526,-2.3653274434611857,-2.3871770208443355"
5.333333333333333,753,Human,0,17,5,1355,-5.333333333333333,"-5.337542441088773,-5.653782301008349,-5.596501578950534,-5.644254566244924"
3.0166666666666666,754,Human,0,17,16,1359,-3.0166666666666666,"-3.018117777133776,-3.1713454960573997,-3.0664221602824,-3.2324483607039682"
1.75,756,Human,0,104,5,1365,-1.75,"-1.7500675271787434,-2.061688966443309,-1.8281174500037598,-1.955458482889196"
1.9833333333333334,757,Human,0,10,5,1366,-1.9833333333333334,"-1.9774978999274904,-2.0584441615379054,-2.227499348191401,-2.1131106150163452"
4.466666666666667,761,Human,1,16,4,1377,-4.466666666666667,"-4.985703350206434,-4.464544914653442,-4.971321848760469,-5.0096452131102005"
6.75,763,Human,2,0,0,1379,-6.75,"-6.918303792326471,-6.951382015234103,-6.552667321516404,-8.691885360450282"
4.35,765,Human,0,4,20,1380,-4.35,"-4.363318141113109,-4.629762924866186,-4.54037499660921,-4.469602349649778"
7.45,766,Human,0,8,10,1381,-7.45,"-7.43710247580499,-8.05727968777397,-7.730102684793746,-7.861567225570649"
3.85,767,Human,0,0,98,1381,-3.85,"-3.8571943539575413,-4.073059302074182,-3.8830036289278183,-4.048906818756301"
6.133333333333334,770,Human,1,8,9,1382,-6.133333333333334,"-6.502845750674122,-6.1359468932218695,-6.267962910106512,-6.264695269567055"
3.0,771,Human,0,11,20,1383,-3.0,"-2.982816941695722,-3.4263278656314933,-3.5509508943966352,-3.5763692587877487"
2.683333333333333,776,Human,0,0,3,1388,-2.683333333333333,"-2.6869361910435083,-2.93170639852504,-2.9484458943233585,-2.743115611726636"
2.7,779,Human,3,0,3,1390,-2.7,"-2.7465844594767366,-2.891765118820032,-2.9331125609900255,-2.6964667133841522"
4.633333333333334,788,Human,1,8,99,1404,-4.633333333333334,"-4.814944829313507,-4.6171914045406055,-4.757400250628964,-4.8108728130270695"
3.5,793,Human,1,105,1,1409,-3.5,"-3.517360863198897,-3.4975238885243334,-3.5556772009372093,-3.5352155318654557"
4.35,797,Human,0,7,9,1412,-4.35,"-4.339972063467929,-4.407875185562756,-4.553364225330553,-4.68861469427406"
4.116666666666666,798,Human,0,7,9,1414,-4.116666666666666,"-4.112391893394043,-4.314583310775139,-4.319544214996524,-4.257532101175907"
3.716666666666667,799,Human,0,11,20,1414,-3.716666666666667,"-3.712777426413499,-3.9454622925051956,-3.8886273821839756,-3.798194906818019"
4.183333333333334,801,Human,0,7,9,1415,-4.183333333333334,"-4.188371108921987,-4.5373071819534445,-4.242651169265403,-4.224782241420687"
5.483333333333333,803,Human,2,11,2,1417,-5.483333333333333,"-5.536723768523505,-5.664462822442637,-5.4710156977705005,-5.534401079731029"
2.716666666666667,806,Human,3,107,20,1419,-2.716666666666667,"-3.8862690529515866,-3.6281991246146523,-3.5976071482938052,-2.730131647664223"
5.166666666666667,811,Human,3,7,10,1424,-5.166666666666667,"-5.575343535749646,-5.542366136522742,-5.609039695222845,-5.183456004762082"
4.033333333333333,813,Human,0,7,9,1426,-4.033333333333333,"-4.025262161730939,-4.111449138468923,-4.16611783593207,-4.228677801775859"
3.4,814,Human,0,11,20,1426,-3.4,"-3.4884641008351345,-3.88002316733749,-3.8639952390805137,-3.8168447403635324"
3.1166666666666667,815,Human,0,108,4,1428,-3.1166666666666667,"-3.1075470825300697,-3.1742395063064723,-3.1814313054235366,-3.4115937602696085"
4.033333333333333,816,Human,0,7,9,1428,-4.033333333333333,"-4.037619142212035,-4.199822471802256,-4.178384502598736,-4.2442778017758584"
4.583333333333333,823,Human,2,1,1,1436,-4.583333333333333,"-5.048644153078019,-5.029235225619545,-4.567212465430764,-4.9819613696406435"
3.7,824,Human,0,11,20,1437,-3.7,"-3.712866511875048,-4.0297289591718615,-4.108360715517309,-4.07019490681802"
5.433333333333334,825,Human,0,17,5,1442,-5.433333333333334,"-5.423135000762855,-5.680628958497459,-5.734911487157675,-5.727390350363782"
4.516666666666667,829,Human,3,1,1,1446,-4.516666666666667,"-4.9249464096671725,-4.929533908940272,-4.86922326403516,-4.525928163074898"
3.55,830,Human,0,11,20,1447,-3.55,"-3.564434635859855,-3.9354622925051954,-4.001560715517309,-3.9291282401513525"
6.3,832,Human,0,11,2,1453,-6.3,"-6.336000756310343,-6.527236014811983,-6.390086672203503,-6.570743406282544"
4.983333333333333,833,Human,0,4,20,1454,-4.983333333333333,"-4.989953443812808,-5.259149591532853,-5.245201663275877,-5.217815682983112"
4.533333333333333,835,Human,0,11,20,1456,-4.533333333333333,"-4.5515065596039666,-4.66330316733749,-4.815356191264411,-4.784823407030199"
4.016666666666667,837,Human,0,11,4,1458,-4.016666666666667,"-4.017212684387021,-4.0373191020276735,-4.215075636667593,-4.321390957553862"
6.4,838,Human,2,1,10,1463,-6.4,"-6.923997844362839,-7.020121637996819,-6.41296565001276,-6.926397502008753"
6.416666666666667,839,Human,1,8,9,1464,-6.416666666666667,"-6.466921544351892,-6.416253743720825,-6.60186958682787,-6.428407242925595"
4.416666666666667,840,Human,0,11,20,1465,-4.416666666666667,"-4.345345927280639,-4.536689834004157,-4.62498190574718,-4.562940740363533"
6.333333333333333,841,Human,1,8,10,1466,-6.333333333333333,"-6.949457940873566,-6.30928774146918,-7.156518302318973,-7.2449803176366725"
6.833333333333333,842,Human,2,8,10,1467,-6.833333333333333,"-7.162928217312928,-7.976540130578561,-6.833860566285072,-7.172129486903982"
6.183333333333334,845,Human,1,8,9,1470,-6.183333333333334,"-6.598183491477757,-6.183335686112523,-6.304961410201502,-6.231423275428162"
4.283333333333333,851,Human,1,1,1,1476,-4.283333333333333,"-4.833694305163071,-4.217191182784794,-4.816187828044415,-4.804624665969596"
4.5,852,Human,1,0,2,1478,-4.5,"-4.639000705466497,-4.48522005221824,-4.596261513273881,-4.769687904464167"
5.966666666666667,856,Human,3,8,9,1487,-5.966666666666667,"-6.54429786504589,-6.250379826471301,-6.019060077418543,-5.9577396593600565"
2.466666666666667,862,Human,0,0,102,1492,-2.466666666666667,"-2.50087323538195,-2.6867724353078364,-2.658443207416287,-2.7084568089843994"
4.3,863,Human,1,0,2,1492,-4.3,"-4.763973897706531,-4.296611497190736,-4.860384179940548,-4.682443213913542"
1.5333333333333334,865,Human,0,0,12,1497,-1.5333333333333334,"-1.5454973715669085,-1.5967342820699386,-1.7353931820616333,-1.713404386543426"
5.716666666666667,866,Human,1,8,9,1498,-5.716666666666667,"-6.338566853116815,-5.728999102921189,-6.00006453608521,-5.7858886660017825"
5.333333333333333,870,Human,0,7,10,1503,-5.333333333333333,"-5.338965285723206,-5.473848478076783,-5.700100717464978,-5.44320532547049"
6.8,871,Human,3,16,10,1503,-6.8,"-7.121461520604392,-7.32581912608738,-6.911635460562742,-6.683711446281215"
5.3,873,Human,0,17,5,1506,-5.3,"-4.951806665879971,-5.304046412756535,-5.396349477842177,-5.31054036765542"
8.35,880,Human,1,1,10,1521,-8.35,"-8.353843375658942,-8.351614958732927,-8.35388200289892,-8.354813773441617"
4.683333333333334,882,Human,3,1,1,1523,-4.683333333333334,"-5.1595990543271215,-5.240486861180517,-5.0441197673225755,-4.736565934094922"
5.15,883,Human,0,11,20,1526,-5.15,"-5.141625283820594,-5.205969834004157,-5.21634190574718,-5.419682073696866"
5.166666666666667,884,Human,0,11,2,1528,-5.166666666666667,"-5.135296663764675,-5.319072315775969,-5.207801459346818,-5.404829791186511"
5.333333333333333,889,Human,2,11,5,1539,-5.333333333333333,"-6.296868207267099,-6.284145202100465,-5.526226062351081,-6.31967466267185"
5.683333333333334,890,Human,3,4,3,1539,-5.683333333333334,"-6.1943373854323704,-6.042091016919214,-6.0522892491362,-5.745694694244133"
5.35,891,Human,1,4,3,1543,-5.35,"-5.911110824806178,-5.371139507747491,-5.768810861057589,-5.790372831070651"
3.783333333333333,892,Human,2,77,3,1545,-3.783333333333333,"-3.8174384679785742,-4.680911450945498,-3.792794087076371,-3.8099677552103506"
5.35,895,Human,1,4,3,1548,-5.35,"-5.422573328840292,-5.312642752842438,-5.491104796336433,-5.435391369018197"
4.35,896,Human,3,1,1,1548,-4.35,"-4.728639203957781,-4.772190773797041,-4.801241052380517,-4.399338711806053"
6.233333333333333,898,Human,0,4,2,1549,-6.233333333333333,"-6.179117445779845,-6.224484458003618,-6.350566627079346,-6.226253213112159"
4.983333333333333,900,Human,0,68,10,1555,-4.983333333333333,"-5.281042077160342,-5.949883925189024,-5.94309149412535,-6.045750596866099"
5.183333333333334,902,Human,3,111,3,1558,-5.183333333333334,"-5.272483384193631,-5.813558759814913,-5.278620565010186,-5.24550770770657"
5.166666666666667,903,Human,1,4,3,1558,-5.166666666666667,"-5.810983652559651,-5.165582940354242,-5.767819586390921,-5.765083145737317"
5.966666666666667,904,Human,0,4,2,1559,-5.966666666666667,"-6.01853201973403,-6.47416125511792,-6.447101928129078,-6.419566243962531"
3.65,905,Human,0,112,10,1561,-3.65,"-3.652838101717405,-3.8103151403285,-3.6722294890049296,-3.8297844534676755"
4.816666666666666,914,Human,1,4,3,1582,-4.816666666666666,"-6.638492920026276,-5.378043035319106,-6.560863878079909,-6.444932798244676"
3.4166666666666665,916,Human,2,114,3,1584,-3.4166666666666665,"-3.4561558111400177,-4.273758323322121,-3.4265349781789842,-3.454917505286356"
5.65,917,Human,1,4,2,1585,-5.65,"-6.638664619042393,-6.074748734740776,-6.63188657750185,-6.7031877815943"
4.166666666666667,922,Human,1,0,2,1591,-4.166666666666667,"-4.487134038799831,-4.175636214382063,-4.255260224925684,-4.3644432139135425"
4.15,925,Human,1,0,2,1594,-4.15,"-4.173584215166454,-4.126660939266719,-4.2294202249256845,-4.325776547246876"
4.266666666666667,929,Human,2,17,5,1599,-4.266666666666667,"-4.473965283899534,-4.337211081256745,-4.31113019727617,-4.340269325447646"
4.433333333333334,930,Human,3,16,9,1601,-4.433333333333334,"-5.904038602306309,-5.923583778235252,-6.081231047074307,-4.43906078145918"
4.783333333333333,933,Human,1,16,4,1604,-4.783333333333333,"-5.185754976873101,-4.7814336891352145,-5.207010103333486,-5.161970978818022"
4.316666666666666,934,Human,1,11,3,1604,-4.316666666666666,"-4.714390236855001,-4.323832660638061,-4.770647904558512,-4.685884256562236"
4.316666666666666,942,Human,1,11,3,1613,-4.316666666666666,"-4.750717522817335,-4.312168010402731,-4.740624990313476,-4.67529940524979"
4.266666666666667,943,Human,1,11,3,1614,-4.266666666666667,"-4.635910236855002,-4.257134129332648,-4.648887904558512,-4.625644256562237"
4.766666666666667,944,Human,1,1,1,1615,-4.766666666666667,"-4.999332263047862,-4.764092893003884,-4.819863808497059,-4.823640827587332"
4.25,947,Human,1,11,3,1618,-4.25,"-4.856616189484002,-4.214501340683816,-4.85016632364681,-4.8273367385831225"
4.966666666666667,950,Human,3,1,1,1621,-4.966666666666667,"-5.758210821765881,-5.779397761112771,-5.764234264615407,-4.954318924063862"
2.9166666666666665,955,Human,0,119,1,1624,-2.9166666666666665,"-2.906805480656522,-2.976012094080497,-2.984289740375846,-2.977834513822616"
5.783333333333333,957,Human,3,1,1,1631,-5.783333333333333,"-5.874999612468816,-5.870536107366515,-5.871488261909185,-5.789119741567561"
5.933333333333334,960,Human,0,21,10,1642,-5.933333333333334,"-5.812324440851323,-5.871601982627675,-6.012358761402974,-6.106385256276037"
4.7,961,Human,2,21,9,1644,-4.7,"-5.706441984054599,-4.851928421486565,-4.7033195629408775,-4.89587568968429"
5.866666666666666,964,Human,0,21,10,1650,-5.866666666666666,"-5.855513400901529,-5.865855377343628,-6.1148401694029735,-6.7353960262377255"
4.933333333333334,968,Human,1,17,5,1654,-4.933333333333334,"-5.90988850070932,-5.007427309913467,-5.905615518265032,-5.906073612305638"
5.05,970,Human,1,4,3,1657,-5.05,"-5.445911995506958,-5.072190711194931,-5.469664796336434,-5.428248544606079"
4.15,980,Human,0,122,106,1681,-4.15,"-4.195828240890448,-4.3253619445696145,-4.795643549954853,-4.741277278219611"
3.7333333333333334,983,Human,2,16,71,1682,-3.7333333333333334,"-3.7482455303449576,-3.7734352874626937,-3.727333880344466,-3.816422821171288"
2.2666666666666666,984,Human,1,123,2,1684,-2.2666666666666666,"-2.5236429778999674,-2.2167161514733955,-2.6200597491696462,-2.5812138716393687"
4.416666666666667,986,Human,1,11,3,1688,-4.416666666666667,"-4.50145430501581,-4.412688762525245,-4.536247376373834,-4.485900119801801"
4.733333333333333,992,Human,3,1,1,1697,-4.733333333333333,"-4.779672100052576,-4.777417126064434,-4.7733842913117455,-4.742626727059456"
5.083333333333333,993,Human,0,21,10,1699,-5.083333333333333,"-5.07900109506907,-5.5740480295064465,-5.5920835614029745,-6.321212262241508"
5.383333333333334,994,Human,3,21,10,1701,-5.383333333333334,"-5.88318866394396,-5.711109817773967,-5.746846825004571,-5.378936466399038"
6.533333333333333,995,Human,1,16,10,1702,-6.533333333333333,"-6.603830543412314,-6.537843962477499,-6.6246259068331215,-6.597870285852802"
5.316666666666666,996,Human,0,21,9,1703,-5.316666666666666,"-5.319188647179017,-5.410121326019898,-5.339593626948386,-6.0709818414537455"
1.7833333333333334,998,Human,3,0,3,1709,-1.7833333333333334,"-1.9453950826379938,-2.2557912476953743,-2.277780043213581,-1.7757315534150306"
3.45,999,Human,1,40,9,1710,-3.45,"-4.8605752446846076,-3.4452899026529407,-3.7919074436515485,-3.813932539895909"
2.7,1002,Human,0,45,4,1714,-2.7,"-2.7021112679490282,-2.718996404135988,-3.0112912650040573,-2.9663207866554413"
3.35,1005,Human,0,127,10,1727,-3.35,"-3.350354422620974,-3.864069441067182,-3.8050397591100227,-3.833747328081486"
5.333333333333333,1006,Human,1,4,3,1727,-5.333333333333333,"-5.402451197699563,-5.308859033800594,-5.390463213057587,-5.385360197470651"
4.866666666666666,1015,Human,1,4,3,1753,-4.866666666666666,"-5.239269331492984,-4.869387305484191,-5.279227026979404,-5.298418584851107"
4.533333333333333,1020,Human,0,17,5,1760,-4.533333333333333,"-4.533418927856438,-4.539969441933685,-4.5413037323038274,-4.540774796508243"
4.616666666666666,1022,Human,1,11,3,1768,-4.616666666666666,"-4.707950294145981,-4.640388508992352,-4.701794725707167,-4.686027600656981"
3.966666666666667,1025,Human,0,4,20,1776,-3.966666666666667,"-3.980562853699582,-4.473634339892949,-4.417734663954034,-4.486051637109192"
5.2,1026,Human,0,4,20,1777,-5.2,"-4.586405017602088,-5.072796538581025,-4.945193384930583,-5.0266510163540215"
3.0,1027,Human,1,11,3,1778,-3.0,"-3.3489392646907574,-3.0224697292846026,-3.3782446052575095,-3.5107774842118276"
4.283333333333333,1029,Human,1,11,3,1786,-4.283333333333333,"-4.377401355682476,-4.298289413732421,-4.352950393800625,-4.320512166925585"
2.966666666666667,1032,Human,1,13,2,1791,-2.966666666666667,"-3.3058488738620007,-2.9808462566095293,-3.316901702538467,-3.067458321442328"
