travel_time,id,kind,action,origin,destination,start_time,reward,cost_table
4.416666666666667,318,AV,2,11,20,573,4.015416666666666,"0,0,0,0"
4.65,273,AV,3,16,9,481,4.015416666666666,"0,0,0,0"
6.066666666666666,13,AV,2,6,5,31,4.015416666666666,"0,0,0,0"
8.75,467,AV,2,7,66,873,4.015416666666666,"0,0,0,0"
3.95,202,AV,0,4,20,354,4.015416666666666,"0,0,0,0"
4.966666666666667,306,AV,1,11,20,546,4.015416666666666,"0,0,0,0"
4.233333333333333,291,AV,1,16,10,517,4.015416666666666,"0,0,0,0"
5.783333333333333,345,AV,3,7,10,667,4.015416666666666,"0,0,0,0"
4.3,14,AV,3,1,1,33,4.015416666666666,"0,0,0,0"
5.583333333333333,44,AV,0,4,3,93,4.015416666666666,"0,0,0,0"
3.3833333333333333,337,AV,0,54,1,622,4.015416666666666,"0,0,0,0"
5.666666666666667,223,AV,2,11,3,384,4.015416666666666,"0,0,0,0"
3.566666666666667,72,AV,2,8,15,150,4.015416666666666,"0,0,0,0"
6.233333333333333,455,AV,3,4,3,859,4.015416666666666,"0,0,0,0"
5.5,242,AV,3,42,20,418,4.015416666666666,"0,0,0,0"
5.683333333333334,97,AV,3,4,3,191,4.015416666666666,"0,0,0,0"
4.883333333333334,27,AV,2,11,3,73,4.015416666666666,"0,0,0,0"
2.816666666666667,139,AV,1,29,3,264,4.015416666666666,"0,0,0,0"
5.7,201,AV,0,11,3,353,4.015416666666666,"0,0,0,0"
2.85,174,AV,2,8,32,323,4.015416666666666,"0,0,0,0"
6.55,114,AV,0,4,3,226,4.015416666666666,"0,0,0,0"
6.333333333333333,245,AV,2,4,20,423,4.015416666666666,"0,0,0,0"
11.416666666666666,176,AV,3,0,16,324,4.015416666666666,"0,0,0,0"
5.333333333333333,182,AV,1,16,10,331,4.015416666666666,"0,0,0,0"
3.716666666666667,411,AV,3,7,9,780,4.015416666666666,"0,0,0,0"
6.933333333333334,475,AV,1,1,10,887,4.015416666666666,"0,0,0,0"
3.716666666666667,207,AV,3,4,38,362,4.015416666666666,"0,0,0,0"
5.45,150,AV,2,11,3,283,4.015416666666666,"0,0,0,0"
4.333333333333333,409,AV,1,11,60,779,4.015416666666666,"0,0,0,0"
2.966666666666667,451,AV,0,64,64,851,4.015416666666666,"0,0,0,0"
5.216666666666667,231,AV,3,11,3,399,4.015416666666666,"0,0,0,0"
7.216666666666667,136,AV,3,11,3,260,4.015416666666666,"0,0,0,0"
5.6,457,AV,2,17,5,861,4.015416666666666,"0,0,0,0"
4.083333333333333,45,AV,1,11,3,94,4.015416666666666,"0,0,0,0"
6.5,261,AV,2,11,2,453,4.015416666666666,"0,0,0,0"
3.1333333333333333,9,AV,3,5,2,25,4.015416666666666,"0,0,0,0"
3.683333333333333,414,AV,0,7,4,782,4.015416666666666,"0,0,0,0"
3.4166666666666665,301,AV,0,4,20,533,4.015416666666666,"0,0,0,0"
5.866666666666666,30,AV,0,4,3,77,4.015416666666666,"0,0,0,0"
4.516666666666667,195,AV,2,1,1,346,4.015416666666666,"0,0,0,0"
5.466666666666667,124,AV,0,7,10,236,4.015416666666666,"0,0,0,0"
3.55,365,AV,1,7,4,688,4.015416666666666,"0,0,0,0"
3.716666666666667,40,AV,2,0,3,88,4.015416666666666,"0,0,0,0"
5.983333333333333,437,AV,0,1,1,815,4.015416666666666,"0,0,0,0"
2.6,368,AV,3,47,2,693,4.015416666666666,"0,0,0,0"
4.833333333333333,23,AV,3,7,9,61,4.015416666666666,"0,0,0,0"
6.766666666666667,426,AV,1,8,16,798,4.015416666666666,"0,0,0,0"
1.9333333333333333,18,AV,0,9,8,56,4.015416666666666,"0,0,0,0"
5.9,142,AV,0,4,3,267,4.015416666666666,"0,0,0,0"
5.6,115,AV,0,7,10,226,4.015416666666666,"0,0,0,0"
4.033333333333333,479,AV,0,8,0,894,4.015416666666666,"0,0,0,0"
5.15,11,AV,1,4,3,28,4.015416666666666,"0,0,0,0"
2.95,357,AV,1,0,3,680,4.015416666666666,"0,0,0,0"
5.766666666666667,90,AV,3,11,3,181,4.015416666666666,"0,0,0,0"
5.933333333333334,141,AV,0,11,3,267,4.015416666666666,"0,0,0,0"
4.7,76,AV,0,4,3,155,4.015416666666666,"0,0,0,0"
3.6,278,AV,1,46,3,487,4.015416666666666,"0,0,0,0"
2.95,388,AV,1,66,1,736,4.015416666666666,"0,0,0,0"
5.883333333333334,69,AV,3,8,9,142,4.015416666666666,"0,0,0,0"
5.15,330,AV,1,7,10,611,4.015416666666666,"0,0,0,0"
3.6333333333333333,130,AV,1,17,22,245,4.015416666666666,"0,0,0,0"
4.116666666666666,276,AV,1,16,44,483,4.015416666666666,"0,0,0,0"
5.733333333333333,410,AV,0,0,5,780,4.015416666666666,"0,0,0,0"
4.966666666666667,156,AV,0,8,9,292,4.015416666666666,"0,0,0,0"
5.7,450,AV,1,17,5,851,4.015416666666666,"0,0,0,0"
2.033333333333333,221,AV,3,37,41,383,4.015416666666666,"0,0,0,0"
6.45,101,AV,3,25,10,197,4.015416666666666,"0,0,0,0"
4.033333333333333,361,AV,0,7,10,684,4.015416666666666,"0,0,0,0"
4.066666666666666,362,AV,1,59,10,686,4.015416666666666,"0,0,0,0"
6.5,444,AV,1,1,10,822,4.015416666666666,"0,0,0,0"
8.3,428,AV,3,0,5,802,4.015416666666666,"0,0,0,0"
2.316666666666667,70,AV,2,13,14,149,4.015416666666666,"0,0,0,0"
3.5,468,AV,2,21,39,874,4.015416666666666,"0,0,0,0"
3.7666666666666666,492,AV,1,0,52,901,4.015416666666666,"0,0,0,0"
5.383333333333334,100,AV,1,11,3,195,4.015416666666666,"0,0,0,0"
8.133333333333333,191,AV,3,17,36,340,4.015416666666666,"0,0,0,0"
2.85,66,AV,0,19,12,140,4.015416666666666,"0,0,0,0"
4.383333333333334,350,AV,1,4,40,676,4.015416666666666,"0,0,0,0"
4.066666666666666,17,AV,3,8,7,55,4.015416666666666,"0,0,0,0"
5.616666666666666,194,AV,1,1,10,343,4.015416666666666,"0,0,0,0"
7.566666666666666,351,AV,3,8,10,676,4.015416666666666,"0,0,0,0"
6.2,413,AV,3,1,4,782,4.015416666666666,"0,0,0,0"
5.85,235,AV,3,4,20,403,4.015416666666666,"0,0,0,0"
4.716666666666667,249,AV,2,11,20,429,4.015416666666666,"0,0,0,0"
6.05,440,AV,0,1,1,817,4.015416666666666,"0,0,0,0"
4.333333333333333,125,AV,0,7,9,238,4.015416666666666,"0,0,0,0"
3.1666666666666665,50,AV,1,16,5,106,4.015416666666666,"0,0,0,0"
4.233333333333333,370,AV,0,7,10,694,4.015416666666666,"0,0,0,0"
8.033333333333333,429,AV,2,0,5,803,4.015416666666666,"0,0,0,0"
6.283333333333333,390,AV,1,4,5,741,4.015416666666666,"0,0,0,0"
4.4,157,AV,1,4,29,292,4.015416666666666,"0,0,0,0"
5.05,65,AV,3,7,9,139,4.015416666666666,"0,0,0,0"
6.6,436,AV,1,1,10,814,4.015416666666666,"0,0,0,0"
6.933333333333334,487,AV,3,0,5,898,4.015416666666666,"0,0,0,0"
3.0833333333333335,193,AV,0,11,4,342,4.015416666666666,"0,0,0,0"
9.533333333333333,431,AV,2,0,5,804,4.015416666666666,"0,0,0,0"
6.65,378,AV,3,7,10,711,4.015416666666666,"0,0,0,0"
7.583333333333333,80,AV,0,11,3,164,4.015416666666666,"0,0,0,0"
3.4,355,AV,3,7,55,680,4.015416666666666,"0,0,0,0"
6.35,499,AV,0,0,2,907,4.015416666666666,"0,0,0,0"
5.366666666666666,29,AV,3,11,2,77,4.015416666666666,"0,0,0,0"
5.15,226,AV,2,11,3,389,4.015416666666666,"0,0,0,0"
4.4,336,AV,1,7,9,618,4.015416666666666,"0,0,0,0"
5.75,277,AV,0,16,10,484,4.015416666666666,"0,0,0,0"
4.483333333333333,423,AV,3,11,3,794,4.015416666666666,"0,0,0,0"
7.183333333333334,241,AV,0,4,2,414,4.015416666666666,"0,0,0,0"
5.566666666666666,48,AV,3,4,4,101,4.015416666666666,"0,0,0,0"
4.466666666666667,325,AV,3,17,5,600,4.015416666666666,"0,0,0,0"
5.4,419,AV,3,7,10,788,4.015416666666666,"0,0,0,0"
5.3,224,AV,3,11,3,386,4.015416666666666,"0,0,0,0"
2.55,6,AV,2,4,4,13,4.015416666666666,"0,0,0,0"
5.55,279,AV,0,1,1,491,4.015416666666666,"0,0,0,0"
5.25,319,AV,0,8,48,578,4.015416666666666,"0,0,0,0"
5.133333333333334,75,AV,3,13,4,154,4.015416666666666,"0,0,0,0"
4.933333333333334,287,AV,0,21,4,512,4.015416666666666,"0,0,0,0"
3.216666666666667,243,AV,1,11,3,419,4.015416666666666,"0,0,0,0"
8.266666666666667,421,AV,3,0,2,794,4.015416666666666,"0,0,0,0"
4.966666666666667,305,AV,3,17,5,541,4.015416666666666,"0,0,0,0"
3.75,476,AV,3,8,68,889,4.015416666666666,"0,0,0,0"
8.133333333333333,106,AV,0,17,3,204,4.015416666666666,"0,0,0,0"
4.983333333333333,292,AV,0,7,1,521,4.015416666666666,"0,0,0,0"
4.8,121,AV,1,4,3,233,4.015416666666666,"0,0,0,0"
7.866666666666666,496,AV,2,0,2,905,4.015416666666666,"0,0,0,0"
5.566666666666666,349,AV,1,7,10,675,4.015416666666666,"0,0,0,0"
4.083333333333333,443,AV,2,4,20,820,4.015416666666666,"0,0,0,0"
7.516666666666667,183,AV,2,17,3,332,4.015416666666666,"0,0,0,0"
4.316666666666666,416,AV,0,7,10,784,4.015416666666666,"0,0,0,0"
2.9833333333333334,366,AV,0,7,9,691,4.015416666666666,"0,0,0,0"
7.133333333333334,326,AV,0,16,10,603,4.015416666666666,"0,0,0,0"
3.15,314,AV,2,0,3,563,4.015416666666666,"0,0,0,0"
5.45,296,AV,1,4,5,524,4.015416666666666,"0,0,0,0"
1.9333333333333333,403,AV,0,4,4,775,4.015416666666666,"0,0,0,0"
4.3,181,AV,0,8,9,330,4.015416666666666,"0,0,0,0"
5.3,219,AV,3,11,3,382,4.015416666666666,"0,0,0,0"
6.15,167,AV,2,32,9,306,4.015416666666666,"0,0,0,0"
4.9,60,AV,1,4,3,133,4.015416666666666,"0,0,0,0"
4.783333333333333,192,AV,2,11,3,340,4.015416666666666,"0,0,0,0"
2.4166666666666665,312,AV,2,52,20,555,4.015416666666666,"0,0,0,0"
2.75,168,AV,3,33,9,307,4.015416666666666,"0,0,0,0"
5.7,324,AV,3,4,5,599,4.015416666666666,"0,0,0,0"
3.6,399,AV,3,7,9,770,4.015416666666666,"0,0,0,0"
6.816666666666666,435,AV,0,0,2,811,4.015416666666666,"0,0,0,0"
5.95,480,AV,0,1,1,894,4.015416666666666,"0,0,0,0"
6.5,265,AV,0,4,5,459,4.015416666666666,"0,0,0,0"
5.733333333333333,237,AV,0,4,5,412,4.015416666666666,"0,0,0,0"
4.016666666666667,21,AV,2,10,5,58,4.015416666666666,"0,0,0,0"
3.816666666666667,353,AV,1,7,9,678,4.015416666666666,"0,0,0,0"
3.6166666666666667,230,AV,2,4,4,398,4.015416666666666,"0,0,0,0"
3.75,129,AV,0,4,20,245,4.015416666666666,"0,0,0,0"
3.316666666666667,348,AV,2,58,3,674,4.015416666666666,"0,0,0,0"
3.966666666666667,151,AV,1,11,3,285,4.015416666666666,"0,0,0,0"
4.866666666666666,256,AV,1,11,20,450,4.015416666666666,"0,0,0,0"
3.85,185,AV,3,16,12,335,4.015416666666666,"0,0,0,0"
5.433333333333334,250,AV,0,16,10,434,4.015416666666666,"0,0,0,0"
3.5166666666666666,204,AV,0,4,20,356,4.015416666666666,"0,0,0,0"
3.7,446,AV,3,0,62,824,4.015416666666666,"0,0,0,0"
5.716666666666667,200,AV,2,4,3,351,4.015416666666666,"0,0,0,0"
3.783333333333333,407,AV,1,0,3,778,4.015416666666666,"0,0,0,0"
5.5,5,AV,3,4,3,12,4.015416666666666,"0,0,0,0"
1.9666666666666666,384,AV,3,64,1,729,4.015416666666666,"0,0,0,0"
3.7666666666666666,137,AV,1,28,9,261,4.015416666666666,"0,0,0,0"
0.6333333333333333,62,AV,0,16,5,135,4.015416666666666,"0,0,0,0"
7.983333333333333,175,AV,1,4,33,323,4.015416666666666,"0,0,0,0"
4.733333333333333,304,AV,1,11,20,537,4.015416666666666,"0,0,0,0"
4.733333333333333,373,AV,3,7,9,697,4.015416666666666,"0,0,0,0"
8.416666666666666,424,AV,3,0,5,796,4.015416666666666,"0,0,0,0"
1.7166666666666666,177,AV,1,4,34,324,4.015416666666666,"0,0,0,0"
5.483333333333333,363,AV,3,7,10,686,4.015416666666666,"0,0,0,0"
4.95,497,AV,2,4,5,905,4.015416666666666,"0,0,0,0"
6.483333333333333,377,AV,2,7,10,710,4.015416666666666,"0,0,0,0"
4.2,339,AV,3,11,4,637,4.015416666666666,"0,0,0,0"
4.3,12,AV,1,0,3,30,4.015416666666666,"0,0,0,0"
6.2,73,AV,3,4,16,152,4.015416666666666,"0,0,0,0"
4.2,225,AV,0,11,20,387,4.015416666666666,"0,0,0,0"
5.316666666666666,164,AV,0,11,3,301,4.015416666666666,"0,0,0,0"
6.55,311,AV,3,4,5,552,4.015416666666666,"0,0,0,0"
3.75,186,AV,2,21,35,335,4.015416666666666,"0,0,0,0"
3.0,239,AV,1,40,20,413,4.015416666666666,"0,0,0,0"
4.016666666666667,464,AV,0,75,1,869,4.015416666666666,"0,0,0,0"
5.233333333333333,286,AV,1,1,1,508,4.015416666666666,"0,0,0,0"
5.066666666666666,379,AV,0,17,5,714,4.015416666666666,"0,0,0,0"
2.466666666666667,448,AV,2,73,2,833,4.015416666666666,"0,0,0,0"
2.1,425,AV,3,0,3,797,4.015416666666666,"0,0,0,0"
4.3,269,AV,0,21,43,465,4.015416666666666,"0,0,0,0"
5.116666666666666,334,AV,1,7,10,616,4.015416666666666,"0,0,0,0"
4.116666666666666,452,AV,0,4,20,852,4.015416666666666,"0,0,0,0"
1.3166666666666667,260,AV,0,31,2,453,4.015416666666666,"0,0,0,0"
2.0,280,AV,2,47,20,495,4.015416666666666,"0,0,0,0"
2.4,369,AV,1,60,5,694,4.015416666666666,"0,0,0,0"
5.4,211,AV,2,11,3,374,4.015416666666666,"0,0,0,0"
3.1666666666666665,244,AV,2,4,10,423,4.015416666666666,"0,0,0,0"
5.833333333333333,196,AV,3,11,3,347,4.015416666666666,"0,0,0,0"
5.266666666666667,172,AV,2,4,3,320,4.015416666666666,"0,0,0,0"
4.266666666666667,92,AV,0,4,3,183,4.015416666666666,"0,0,0,0"
4.316666666666666,146,AV,0,11,26,271,4.015416666666666,"0,0,0,0"
2.816666666666667,258,AV,1,11,4,451,4.015416666666666,"0,0,0,0"
4.416666666666667,93,AV,0,4,3,186,4.015416666666666,"0,0,0,0"
3.55,459,AV,3,7,9,861,4.015416666666666,"0,0,0,0"
1.8166666666666667,143,AV,0,30,25,268,4.015416666666666,"0,0,0,0"
4.45,149,AV,0,1,1,281,4.015416666666666,"0,0,0,0"
7.416666666666667,169,AV,2,4,31,308,4.015416666666666,"0,0,0,0"
5.383333333333334,406,AV,1,7,10,777,4.015416666666666,"0,0,0,0"
4.316666666666666,229,AV,1,16,5,396,4.015416666666666,"0,0,0,0"
2.933333333333333,458,AV,0,13,39,861,4.015416666666666,"0,0,0,0"
5.75,236,AV,3,4,20,411,4.015416666666666,"0,0,0,0"
4.3,81,AV,1,11,3,166,4.015416666666666,"0,0,0,0"
4.766666666666667,154,AV,3,11,28,289,4.015416666666666,"0,0,0,0"
6.45,255,AV,2,17,5,450,4.015416666666666,"0,0,0,0"
4.116666666666666,188,AV,3,16,9,337,4.015416666666666,"0,0,0,0"
6.116666666666666,313,AV,3,0,2,562,4.015416666666666,"0,0,0,0"
2.8666666666666667,138,AV,3,0,23,262,4.015416666666666,"0,0,0,0"
4.316666666666666,266,AV,3,44,20,462,4.015416666666666,"0,0,0,0"
5.15,10,AV,1,4,3,26,4.015416666666666,"0,0,0,0"
3.0166666666666666,481,AV,0,0,4,895,4.015416666666666,"0,0,0,0"
6.916666666666667,102,AV,2,4,3,199,4.015416666666666,"0,0,0,0"
5.733333333333333,246,AV,2,16,10,424,4.015416666666666,"0,0,0,0"
4.75,38,AV,2,4,3,83,4.015416666666666,"0,0,0,0"
5.75,46,AV,3,11,13,96,4.015416666666666,"0,0,0,0"
5.7,267,AV,3,21,4,462,4.015416666666666,"0,0,0,0"
6.866666666666666,105,AV,0,4,3,204,4.015416666666666,"0,0,0,0"
2.966666666666667,454,AV,2,8,65,856,4.015416666666666,"0,0,0,0"
2.8333333333333335,86,AV,0,11,4,176,4.015416666666666,"0,0,0,0"
6.883333333333334,8,AV,3,4,3,17,4.015416666666666,"0,0,0,0"
5.833333333333333,264,AV,1,4,20,458,4.015416666666666,"0,0,0,0"
6.716666666666667,438,AV,3,17,5,816,4.015416666666666,"0,0,0,0"
3.65,449,AV,2,8,63,840,4.015416666666666,"0,0,0,0"
5.716666666666667,402,AV,0,0,5,775,4.015416666666666,"0,0,0,0"
2.7666666666666666,317,AV,0,0,3,572,4.015416666666666,"0,0,0,0"
5.3,160,AV,1,4,3,295,4.015416666666666,"0,0,0,0"
2.7,47,AV,1,15,1,101,4.015416666666666,"0,0,0,0"
4.483333333333333,233,AV,0,4,20,400,4.015416666666666,"0,0,0,0"
7.566666666666666,462,AV,2,1,10,864,4.015416666666666,"0,0,0,0"
5.866666666666666,99,AV,3,1,1,194,4.015416666666666,"0,0,0,0"
5.35,57,AV,0,1,1,129,4.015416666666666,"0,0,0,0"
5.2,385,AV,0,0,59,729,4.015416666666666,"0,0,0,0"
4.933333333333334,478,AV,0,1,1,892,4.015416666666666,"0,0,0,0"
3.5833333333333335,64,AV,1,1,1,136,4.015416666666666,"0,0,0,0"
5.2,51,AV,1,4,3,109,4.015416666666666,"0,0,0,0"
4.416666666666667,134,AV,0,11,3,249,4.015416666666666,"0,0,0,0"
5.683333333333334,133,AV,2,16,9,248,4.015416666666666,"0,0,0,0"
5.1,299,AV,1,11,5,529,4.015416666666666,"0,0,0,0"
2.25,82,AV,3,23,2,167,4.015416666666666,"0,0,0,0"
3.7,251,AV,1,0,3,435,4.015416666666666,"0,0,0,0"
3.566666666666667,111,AV,3,26,3,221,4.015416666666666,"0,0,0,0"
5.65,412,AV,1,1,10,780,4.015416666666666,"0,0,0,0"
4.366666666666666,307,AV,3,11,20,547,4.015416666666666,"0,0,0,0"
3.6,300,AV,1,51,20,531,4.015416666666666,"0,0,0,0"
2.8666666666666667,395,AV,2,16,5,752,4.015416666666666,"0,0,0,0"
4.766666666666667,316,AV,0,0,2,565,4.015416666666666,"0,0,0,0"
6.4,108,AV,2,4,20,213,4.015416666666666,"0,0,0,0"
2.4166666666666665,393,AV,3,69,12,752,4.015416666666666,"0,0,0,0"
6.316666666666666,270,AV,0,43,2,468,4.015416666666666,"0,0,0,0"
5.666666666666667,189,AV,1,16,10,338,4.015416666666666,"0,0,0,0"
6.466666666666667,222,AV,0,8,9,383,4.015416666666666,"0,0,0,0"
8.0,477,AV,2,1,10,890,4.015416666666666,"0,0,0,0"
5.116666666666666,218,AV,1,8,9,381,4.015416666666666,"0,0,0,0"
5.55,145,AV,1,11,3,269,4.015416666666666,"0,0,0,0"
7.583333333333333,461,AV,2,1,10,862,4.015416666666666,"0,0,0,0"
6.55,310,AV,2,11,5,551,4.015416666666666,"0,0,0,0"
6.4,215,AV,0,1,10,378,4.015416666666666,"0,0,0,0"
4.233333333333333,152,AV,3,16,12,286,4.015416666666666,"0,0,0,0"
5.4,303,AV,3,4,5,536,4.015416666666666,"0,0,0,0"
4.133333333333334,335,AV,2,53,52,616,4.015416666666666,"0,0,0,0"
5.866666666666666,31,AV,0,11,3,79,4.015416666666666,"0,0,0,0"
3.7333333333333334,333,AV,3,0,51,615,4.015416666666666,"0,0,0,0"
3.8666666666666667,398,AV,1,7,4,769,4.015416666666666,"0,0,0,0"
5.283333333333333,49,AV,1,4,3,105,4.015416666666666,"0,0,0,0"
1.45,418,AV,1,0,23,787,4.015416666666666,"0,0,0,0"
1.5666666666666667,104,AV,0,0,12,203,4.015416666666666,"0,0,0,0"
6.633333333333334,346,AV,2,0,2,670,4.015416666666666,"0,0,0,0"
6.033333333333333,109,AV,2,1,10,220,4.015416666666666,"0,0,0,0"
5.716666666666667,131,AV,2,16,10,246,4.015416666666666,"0,0,0,0"
4.5,374,AV,1,7,9,699,4.015416666666666,"0,0,0,0"
5.166666666666667,37,AV,0,0,2,82,4.015416666666666,"0,0,0,0"
4.466666666666667,83,AV,1,11,3,169,4.015416666666666,"0,0,0,0"
4.883333333333334,123,AV,1,0,21,235,4.015416666666666,"0,0,0,0"
4.05,89,AV,1,4,3,181,4.015416666666666,"0,0,0,0"
2.533333333333333,322,AV,3,8,49,593,4.015416666666666,"0,0,0,0"
5.833333333333333,36,AV,0,11,3,82,4.015416666666666,"0,0,0,0"
4.716666666666667,85,AV,2,11,3,172,4.015416666666666,"0,0,0,0"
7.0,0,AV,0,0,0,5,4.015416666666666,"0,0,0,0"
4.966666666666667,240,AV,1,41,2,414,4.015416666666666,"0,0,0,0"
3.85,272,AV,0,11,4,474,4.015416666666666,"0,0,0,0"
5.55,405,AV,1,0,2,776,4.015416666666666,"0,0,0,0"
3.933333333333333,358,AV,2,0,3,680,4.015416666666666,"0,0,0,0"
3.283333333333333,284,AV,3,48,3,504,4.015416666666666,"0,0,0,0"
4.75,166,AV,1,17,5,305,4.015416666666666,"0,0,0,0"
5.083333333333333,20,AV,2,4,3,57,4.015416666666666,"0,0,0,0"
4.683333333333334,132,AV,2,11,3,248,4.015416666666666,"0,0,0,0"
2.6166666666666667,171,AV,0,0,3,317,4.015416666666666,"0,0,0,0"
3.45,439,AV,3,71,2,816,4.015416666666666,"0,0,0,0"
2.5833333333333335,170,AV,0,0,3,315,4.015416666666666,"0,0,0,0"
5.233333333333333,441,AV,1,17,5,818,4.015416666666666,"0,0,0,0"
3.783333333333333,288,AV,3,50,12,515,4.015416666666666,"0,0,0,0"
4.2,41,AV,1,11,3,89,4.015416666666666,"0,0,0,0"
6.866666666666666,433,AV,1,0,5,807,4.015416666666666,"0,0,0,0"
4.083333333333333,140,AV,0,4,24,265,4.015416666666666,"0,0,0,0"
5.533333333333333,162,AV,0,4,3,298,4.015416666666666,"0,0,0,0"
5.233333333333333,498,AV,0,4,5,907,4.015416666666666,"0,0,0,0"
4.316666666666666,396,AV,3,32,5,761,4.015416666666666,"0,0,0,0"
4.666666666666667,1,Human,1,1,1,5,-4.666666666666667,"-4.704498409241151,-4.672191125921417,-4.689020068732507,-4.684808899077482"
0.65,2,Human,0,2,2,11,-0.65,"-0.6499999999999999,-1.310544909108352,-3.4010860355661343,-6.968603352067967"
3.1333333333333333,3,Human,0,0,3,11,-3.1333333333333333,"-3.1334271583256204,-3.1980066741691897,-3.167161631226894,-3.1483641178283173"
3.1,4,Human,0,3,3,11,-3.1,"-3.099999996483127,-3.135385823375291,-3.1215772036573752,-3.16017295732692"
5.283333333333333,7,Human,1,4,3,15,-5.283333333333333,"-5.3048206488263165,-5.283428240739711,-5.317956853583523,-5.326263347629217"
4.966666666666667,15,Human,1,4,3,37,-4.966666666666667,"-5.139196661050365,-4.962334694161148,-5.02735637040248,-5.048707761881226"
0.8833333333333333,16,Human,0,7,6,39,-0.8833333333333333,"-0.8833333333333332,-1.050407967362611,-1.9828099562359145,-1.7689318636021725"
4.116666666666666,19,Human,0,8,9,57,-4.116666666666666,"-4.118554968958902,-4.209187727361427,-4.176942781835557,-4.158037162338768"
3.25,22,Human,1,11,4,60,-3.25,"-3.275397021915088,-3.251092266676543,-3.509711212501158,-3.2718113080165954"
5.183333333333334,24,Human,3,12,10,69,-5.183333333333334,"-5.1918623467178335,-5.19262118572046,-5.195691062206928,-5.1852230994247"
2.8333333333333335,25,Human,1,11,3,72,-2.8333333333333335,"-3.0028407475301133,-2.833333333333394,-3.0853057565718864,-2.9147564857476467"
2.4166666666666665,26,Human,0,13,11,72,-2.4166666666666665,"-2.4166629430876823,-2.477549441662914,-2.441025318932181,-2.470433230256019"
4.3,28,Human,1,11,3,75,-4.3,"-4.38250518501581,-4.295380752701781,-4.376918864373835,-4.369911140365585"
1.4166666666666667,32,Human,1,0,12,80,-1.4166666666666667,"-1.5824550054556061,-1.4166666666666679,-1.7353931820616333,-1.713404386543426"
4.266666666666667,33,Human,1,4,3,81,-4.266666666666667,"-4.4172239955069585,-4.2591643514182795,-4.45688457760901,-4.3988966842803325"
3.4166666666666665,34,Human,2,13,4,82,-3.4166666666666665,"-3.4694152671003606,-3.4475044227626253,-3.4178528296665727,-3.507042169265114"
2.316666666666667,35,Human,0,14,3,82,-2.316666666666667,"-2.3164759257176595,-2.3308261193504753,-2.343653228614666,-2.4998095825803324"
4.216666666666667,39,Human,1,4,3,86,-4.216666666666667,"-4.417729159646289,-4.216666223590783,-4.4292845776090095,-4.387296684280332"
4.166666666666667,42,Human,1,11,3,91,-4.166666666666667,"-5.293057614603096,-4.167365788398744,-5.283948793800626,-5.2871451241998315"
6.533333333333333,43,Human,2,11,2,92,-6.533333333333333,"-6.54414111929742,-6.68835195395411,-6.532574151326939,-6.550225672158588"
1.6833333333333333,52,Human,0,0,12,112,-1.6833333333333333,"-1.6832395083410723,-1.7288926843768466,-1.7353931820616333,-1.713404386543426"
4.966666666666667,53,Human,2,17,5,119,-4.966666666666667,"-4.971386271951543,-4.971623388245261,-4.967666189738622,-4.973091557032844"
4.566666666666666,54,Human,0,7,10,125,-4.566666666666666,"-4.624839325959128,-4.851870334994972,-4.87749396674848,-4.718715067976218"
4.383333333333334,55,Human,0,18,2,127,-4.383333333333334,"-4.379387200911369,-4.56487982271044,-4.463946857264778,-4.409053331882732"
3.7666666666666666,56,Human,3,7,4,128,-3.7666666666666666,"-3.7681602418900715,-3.77385471203477,-3.77957468085683,-3.7665723221483733"
4.533333333333333,58,Human,0,7,10,131,-4.533333333333333,"-4.566607620888144,-4.657883425329311,-4.6500179230445005,-4.634763067976218"
4.183333333333334,59,Human,3,1,1,132,-4.183333333333334,"-4.615901095771622,-4.612451519844089,-4.5854489677209,-4.181538327632899"
5.166666666666667,61,Human,3,1,1,134,-5.166666666666667,"-5.239318895138601,-5.251483695762447,-5.242027781842107,-5.175052423993995"
4.333333333333333,63,Human,0,7,10,136,-4.333333333333333,"-4.332137175818032,-4.570040489661639,-4.545616898435601,-4.584368401309551"
2.8666666666666667,67,Human,1,20,3,141,-2.8666666666666667,"-2.8669580132954895,-2.8665727630219116,-3.2576528477481705,-2.9369418206447446"
3.6,68,Human,1,7,4,141,-3.6,"-3.604915083333232,-3.599999999672167,-3.606512469500517,-3.605294378651668"
4.15,71,Human,0,8,9,149,-4.15,"-4.149126186889607,-4.255210984379353,-4.337345143961112,-4.255391249199465"
4.533333333333333,74,Human,1,4,3,154,-4.533333333333333,"-4.635063327717031,-4.5281904177314924,-4.6403474630031,-4.60273555350498"
4.066666666666666,77,Human,2,21,17,158,-4.066666666666666,"-4.139649000717113,-4.235851956162145,-4.063615899251828,-4.1906656836253715"
4.0,78,Human,0,22,9,160,-4.0,"-4.000466445716933,-4.111301940748165,-4.070330336494706,-4.145961324463644"
2.566666666666667,79,Human,0,4,18,160,-2.566666666666667,"-2.5655770452003024,-4.891784827263223,-3.1181637241457145,-2.6475873308116133"
4.35,84,Human,1,11,3,171,-4.35,"-5.6967313954458225,-4.8948687296608675,-5.707296781892588,-5.748525076185073"
5.583333333333333,87,Human,1,11,3,178,-5.583333333333333,"-5.6466621189967965,-5.5730238946382435,-5.61278467778592,-5.600273781861091"
4.25,88,Human,1,11,3,179,-4.25,"-5.790865159022995,-4.232784729911943,-5.712448293707167,-5.5225456971330695"
5.083333333333333,91,Human,1,0,2,181,-5.083333333333333,"-5.219600564373199,-5.084206623571894,-5.214152677285771,-5.281590607085654"
5.516666666666667,94,Human,1,4,3,188,-5.516666666666667,"-5.655711996405566,-5.514826710351833,-5.808992796336432,-5.647704014090932"
2.1,95,Human,0,24,19,189,-2.1,"-2.1035264600943524,-2.209103243313164,-2.187372674051622,-3.1657627485839543"
5.383333333333334,96,Human,1,4,3,189,-5.383333333333334,"-5.607158842261054,-5.4040085938520654,-5.565697773057587,-5.595231992670651"
5.366666666666666,98,Human,1,4,3,192,-5.366666666666666,"-5.555724414159651,-5.383459992959962,-5.655376796336434,-5.559054657504981"
2.933333333333333,103,Human,3,0,3,201,-2.933333333333333,"-2.933333332035109,-2.991023009378154,-2.9811387057002836,-2.9333333322042234"
5.1,107,Human,1,4,3,212,-5.1,"-5.590791995506958,-5.112089208826147,-5.329027662087208,-5.511437877939413"
4.266666666666667,110,Human,0,4,20,221,-4.266666666666667,"-4.253096066627022,-4.562803656082732,-4.448635412428179,-4.556509016316444"
4.55,112,Human,0,7,9,223,-4.55,"-4.5612599062486865,-4.6314165644502046,-4.584465814911331,-4.671404027607393"
3.683333333333333,113,Human,3,7,4,225,-3.683333333333333,"-3.786762427220438,-3.789127964140068,-3.7971405593129792,-3.681749309405497"
4.416666666666667,116,Human,0,7,9,228,-4.416666666666667,"-4.417426010987685,-4.5088969208934975,-4.448364293735546,-4.488309414274059"
7.8,117,Human,2,17,3,229,-7.8,"-7.9004378757452995,-7.881888362211996,-7.814146851424162,-7.894545975674432"
3.8,118,Human,3,7,4,230,-3.8,"-3.8464116318386004,-3.849734004892718,-3.8560664496273347,-3.7997606852198995"
4.45,119,Human,0,7,10,231,-4.45,"-4.938510779258527,-5.54137673851337,-5.546990367221455,-5.548308123764102"
3.783333333333333,120,Human,0,7,4,233,-3.783333333333333,"-3.784492119938579,-3.8247517700346023,-3.8233566094099567,-3.8235595063636127"
5.516666666666667,122,Human,0,7,10,234,-5.516666666666667,"-5.0047604577049665,-5.390132021129265,-5.3887233922003075,-5.400496269302331"
2.3,126,Human,0,8,21,238,-2.3,"-2.2936822196123465,-2.4005615716650954,-2.3666013978699048,-2.564662210456537"
5.616666666666666,127,Human,0,27,2,240,-5.616666666666666,"-5.548740395259139,-5.787445755740477,-5.709322072261015,-5.6957831778782975"
5.366666666666666,128,Human,1,16,10,245,-5.366666666666666,"-5.505212143317778,-5.351630370799689,-5.49606044242669,-5.552321660903648"
5.816666666666666,135,Human,1,4,3,258,-5.816666666666666,"-6.228826663072233,-5.816402295196716,-6.227255037069147,-6.132470835684864"
4.166666666666667,144,Human,1,4,3,269,-4.166666666666667,"-5.321829481909812,-4.177489653007687,-5.270705005057588,-5.345519964517694"
5.516666666666667,147,Human,1,11,3,272,-5.516666666666667,"-5.858319694603095,-5.520149830290118,-5.678474392250782,-5.618713538232251"
7.0,148,Human,0,4,16,280,-7.0,"-6.990675662094709,-7.065301422138747,-7.021127187290571,-7.072753963098925"
1.9333333333333333,153,Human,1,16,27,288,-1.9333333333333333,"-2.2121951402879367,-1.9502427685949242,-2.100812852138696,-2.2906778492534525"
4.833333333333333,155,Human,3,16,9,289,-4.833333333333333,"-4.861706087111258,-5.022701470798486,-4.8793107917574785,-4.8259047826167425"
0.9166666666666666,158,Human,0,31,2,293,-0.9166666666666666,"-0.9102392555534071,-1.4011332970913348,-1.7062506211988038,-1.9857952828359569"
5.3,159,Human,1,4,3,293,-5.3,"-5.565730662173625,-5.2761084093360715,-5.593120796336434,-5.379005877939413"
5.216666666666667,161,Human,1,4,3,296,-5.216666666666667,"-5.544866662173625,-5.214327108016571,-5.5727954630031,-5.539886302351531"
3.7,163,Human,1,11,3,299,-3.7,"-4.798710551587201,-3.708634684862887,-4.777977325584115,-4.8744676726932"
4.683333333333334,165,Human,3,16,30,305,-4.683333333333334,"-4.771510546187565,-4.744785185216362,-4.742949501759686,-4.68074724510351"
2.4166666666666665,173,Human,0,0,3,320,-2.4166666666666665,"-2.4229666741023053,-2.509039731858373,-2.537779227656692,-2.442520176667033"
4.383333333333334,178,Human,0,8,9,326,-4.383333333333334,"-4.305530716462277,-4.352930700289142,-4.530300892135113,-4.5466571090054355"
3.2333333333333334,179,Human,0,34,10,329,-3.2333333333333334,"-3.2413074999211107,-3.2496721076811204,-3.322139201763585,-3.307548900443691"
4.383333333333334,180,Human,0,8,9,329,-4.383333333333334,"-4.362181005413973,-4.93051442400223,-4.934194225468447,-4.961594922338769"
4.566666666666666,184,Human,1,11,3,335,-4.566666666666666,"-4.807803570188335,-4.585240618653663,-4.846941237891846,-4.765350923228903"
4.516666666666667,187,Human,1,11,3,336,-4.516666666666667,"-4.741325522817334,-4.518312356504819,-4.700674571225179,-4.723262457533165"
3.8666666666666667,190,Human,3,1,1,339,-3.8666666666666667,"-4.584642400230723,-4.60061810084979,-4.600405362368894,-3.859344158996594"
5.233333333333333,197,Human,1,0,2,347,-5.233333333333333,"-6.7036750308902295,-5.236002841820077,-6.7077727221113665,-6.6952403952479544"
3.5166666666666666,198,Human,1,13,37,348,-3.5166666666666666,"-3.596386063033405,-3.5508230156212877,-3.593024066358004,-3.7530828036326125"
4.233333333333333,199,Human,1,11,3,351,-4.233333333333333,"-4.345987796068751,-4.223967411585689,-4.485554571225179,-4.378974071916455"
6.616666666666666,203,Human,0,0,2,355,-6.616666666666666,"-6.612939521989821,-7.194630067946854,-7.072066570881971,-7.162768747008952"
5.116666666666666,205,Human,0,4,20,357,-5.116666666666666,"-5.123084405791864,-5.3917704052476925,-5.297765331163228,-5.251770037109192"
5.05,206,Human,0,4,20,359,-5.05,"-5.082652302378853,-5.3412744052476935,-5.268298664496562,-5.3296313704425256"
4.166666666666667,208,Human,1,11,3,366,-4.166666666666667,"-4.278521129402085,-4.146421645539716,-4.305276547364806,-4.49081758989557"
4.95,209,Human,0,4,20,368,-4.95,"-4.976833289216804,-5.133314339892949,-5.119868329942543,-5.086369879719822"
3.1,210,Human,3,35,3,370,-3.1,"-3.1031287411871404,-3.1027754445914506,-3.105482980010958,-3.0999230897705727"
3.2666666666666666,212,Human,0,36,20,375,-3.2666666666666666,"-3.284610642078987,-3.399797629525372,-3.717211343463071,-3.592679778792567"
4.783333333333333,213,Human,1,0,39,376,-4.783333333333333,"-5.017385487773294,-4.7761462311307366,-4.944773402351753,-4.925011227662234"
5.1,214,Human,1,16,10,377,-5.1,"-6.639227971646929,-5.173189543243719,-6.457090317189134,-6.590820177645002"
4.733333333333333,216,Human,2,11,2,379,-4.733333333333333,"-5.002327880649971,-4.980662493399953,-4.732304295281571,-4.772089238983138"
3.2666666666666666,217,Human,0,11,40,380,-3.2666666666666666,"-3.2648060543367246,-3.655713462922966,-3.5624109593009305,-3.9577436797861925"
4.383333333333334,220,Human,1,1,1,382,-4.383333333333334,"-4.422324037860996,-4.361921719088393,-4.399344398065354,-4.402899167073013"
4.383333333333334,227,Human,0,38,10,390,-4.383333333333334,"-4.448871600019654,-5.0499911699105136,-5.042724007687096,-4.99817395182165"
4.533333333333333,228,Human,0,4,20,395,-4.533333333333333,"-4.547697063167652,-4.661789591532853,-4.732321663275877,-4.7176658797198225"
4.533333333333333,232,Human,0,4,20,399,-4.533333333333333,"-4.535660376608589,-4.8085629248661865,-4.682635412428178,-4.762039213053156"
4.516666666666667,234,Human,0,4,20,402,-4.516666666666667,"-4.546457626964565,-5.070322339892949,-5.043179997287368,-5.04790054638649"
3.0,238,Human,0,39,9,413,-3.0,"-2.990100919211726,-3.1087242950803935,-3.078683843991161,-3.0605195518092048"
3.1166666666666667,247,Human,1,11,3,427,-3.1166666666666667,"-4.484206097879314,-3.2223640336062744,-4.513985360373833,-4.468207971065802"
2.75,248,Human,0,43,20,429,-2.75,"-2.75388121840372,-3.627033535718103,-3.6630363030875133,-3.8837064290030487"
3.4833333333333334,252,Human,0,11,20,438,-3.4833333333333334,"-3.49288165105883,-3.885728959171862,-3.8687607155173085,-3.8197949068180197"
4.5,253,Human,2,1,1,446,-4.5,"-4.7037230897145275,-4.811620222274595,-4.523323427136721,-4.56015265467947"
4.7,254,Human,3,1,1,448,-4.7,"-5.100129463861737,-5.0782902531640985,-5.0740639193647565,-4.698710211349135"
4.966666666666667,257,Human,1,1,42,450,-4.966666666666667,"-5.401009866756997,-5.000189783619128,-5.480355626411425,-5.356109778003686"
4.75,259,Human,3,1,1,452,-4.75,"-5.375908179464858,-5.343931736177797,-5.3594560854979765,-4.74686000952983"
4.766666666666667,262,Human,3,1,1,455,-4.766666666666667,"-5.620825210768381,-5.549608998684463,-5.493964916530139,-4.762481692759041"
4.65,263,Human,0,4,20,456,-4.65,"-4.642749719522506,-4.935474339892949,-4.889067997287368,-4.796791213053156"
3.0166666666666666,268,Human,0,0,3,464,-3.0166666666666666,"-3.0251445487835302,-3.0432889274537143,-3.0393042739543534,-3.033048921575781"
1.0166666666666666,271,Human,1,45,10,474,-1.0166666666666666,"-1.2608605176652377,-1.0181107043590714,-1.1276765711912289,-1.117757798536425"
6.366666666666666,274,Human,0,4,5,481,-6.366666666666666,"-6.339654989980872,-6.368677587109236,-6.440353892618806,-6.629175412028943"
1.25,275,Human,0,2,2,482,-1.25,"-1.2492040854597337,-1.310544909108352,-3.4010860355661343,-6.968603352067967"
5.216666666666667,281,Human,3,1,1,495,-5.216666666666667,"-5.271118460528497,-5.312364911799939,-5.271689526212336,-5.20402530399231"
5.15,282,Human,1,1,1,500,-5.15,"-5.203133016525936,-5.149618641003899,-5.178818739877917,-5.17221218355002"
3.95,283,Human,0,4,20,500,-3.95,"-3.9373988509108284,-4.4230850065596155,-4.399734663954035,-4.396801879719823"
2.3833333333333333,285,Human,1,49,3,507,-2.3833333333333333,"-2.4327739918204716,-2.385411385296338,-2.4482709283449386,-2.507928533544448"
2.4166666666666665,289,Human,0,22,20,515,-2.4166666666666665,"-2.4244023634647442,-2.5165467292748636,-2.585587323482309,-2.545630961383834"
1.3333333333333333,290,Human,1,16,45,516,-1.3333333333333333,"-1.618482981060502,-1.3991715397756779,-1.8941149822059853,-1.6228938114940148"
1.6333333333333333,293,Human,0,16,46,521,-1.6333333333333333,"-1.6500305854255546,-2.1178036231051096,-2.0717389514077773,-2.0424836889399387"
3.35,294,Human,0,7,4,522,-3.35,"-3.3533639188884585,-3.3780361226291875,-3.3887845164548276,-3.3778780381465188"
2.5166666666666666,295,Human,0,11,20,524,-2.5166666666666666,"-2.5441390468328366,-2.9744706233825418,-2.8994024391614093,-3.0290545419031547"
4.25,297,Human,0,17,5,525,-4.25,"-4.250076850164582,-5.0139221232682765,-5.0344687123052,-5.041370060094154"
4.083333333333333,298,Human,0,11,47,528,-4.083333333333333,"-4.0912473554892905,-4.289236953650864,-4.343714155693691,-4.418781936869511"
5.266666666666667,302,Human,0,4,5,534,-5.266666666666667,"-5.275783021610449,-5.283981177302209,-5.354098518434811,-5.289992853148166"
4.716666666666667,308,Human,0,17,5,548,-4.716666666666667,"-4.717832083680404,-4.819213147473347,-4.777207636318033,-4.770255262443409"
5.066666666666666,309,Human,3,11,5,549,-5.066666666666666,"-5.308788403558893,-5.133355229825935,-5.1441845681776375,-5.087630893123916"
2.8666666666666667,315,Human,0,0,3,564,-2.8666666666666667,"-2.8781540629994553,-2.9114343301349486,-2.940131177318545,-2.906863947540961"
6.75,320,Human,0,36,16,579,-6.75,"-6.75266355487396,-6.862909906121821,-7.0178480517465704,-6.78168705814691"
2.9833333333333334,321,Human,0,39,9,588,-2.9833333333333334,"-2.9913490863496435,-3.2664310627315967,-3.3778004085262623,-3.4940156414473638"
1.05,323,Human,0,4,50,593,-1.05,"-1.0489891915384018,-1.1702291682966428,-1.201131437525106,-1.192731740863894"
0.55,327,Human,0,16,5,606,-0.55,"-0.5517086530071728,-1.694644092338159,-1.0860939048045422,-1.2390377173187488"
4.1,328,Human,0,7,10,607,-4.1,"-4.107702361100613,-4.733445065410382,-4.729047938435601,-4.672574187714308"
3.0,329,Human,0,7,9,610,-3.0,"-3.0577641468646135,-3.868832515286778,-3.7680455349311095,-3.88619379313655"
2.75,331,Human,0,7,9,613,-2.75,"-2.7625736703709123,-3.710871634491839,-3.765836423678221,-3.833126119002065"
4.166666666666667,332,Human,0,7,10,614,-4.166666666666667,"-4.148861553431837,-5.100915117810801,-5.087648122921889,-5.100647816794314"
3.533333333333333,338,Human,0,11,20,634,-3.533333333333333,"-3.5456528736182746,-3.571661198964827,-3.7211607155173083,-3.627128240151353"
3.6666666666666665,340,Human,0,55,20,645,-3.6666666666666665,"-3.6628320390876614,-3.935871297114959,-3.8648300355246494,-3.7544840552318846"
5.2,341,Human,1,17,5,645,-5.2,"-5.198810313197454,-5.197092761329479,-5.218993050139867,-5.214366135955488"
4.533333333333333,342,Human,0,56,10,652,-4.533333333333333,"-4.552178882722069,-5.852653029758105,-5.926725348183797,-5.742819699722821"
1.9166666666666667,343,Human,0,57,15,653,-1.9166666666666667,"-1.9061407685988192,-2.522278865500964,-2.1060932877110528,-2.4069594432445403"
5.133333333333334,344,Human,1,0,53,667,-5.133333333333334,"-5.277149601922888,-5.128949564464177,-5.173040044703092,-5.240403969320282"
4.3,347,Human,3,24,54,673,-4.3,"-4.718477123305258,-4.353131199646339,-4.768741102186946,-4.289692195910837"
4.2,352,Human,0,7,10,676,-4.2,"-4.407001078154769,-4.762611398429644,-4.654322403805625,-4.685952401309551"
2.466666666666667,354,Human,0,0,3,679,-2.466666666666667,"-2.4621032632759556,-2.5946329981562997,-2.6255573679041984,-2.539234514283204"
4.083333333333333,356,Human,1,13,56,680,-4.083333333333333,"-4.102256386527985,-4.075628904360733,-4.106367956468235,-4.107141468153429"
7.1,359,Human,1,8,10,681,-7.1,"-7.144699034671085,-7.093042931763255,-7.130664348260591,-7.280344787442672"
2.5,360,Human,1,1,57,682,-2.5,"-2.497711785991779,-2.4888324180678243,-2.5054951256902513,-2.517013389840194"
5.55,364,Human,0,17,5,686,-5.55,"-5.5501858685531795,-5.602306549839303,-5.573651245840406,-5.565248809651948"
3.5,367,Human,2,7,58,692,-3.5,"-3.508322948827353,-3.5122580128662753,-3.474395218077785,-3.51107767457514"
4.1,371,Human,0,22,9,695,-4.1,"-4.0999062433198,-4.146624172601872,-4.135223798967239,-4.239275244463643"
2.8666666666666667,372,Human,0,7,9,696,-2.8666666666666667,"-2.8569043484037597,-3.391588678896089,-3.326624502598736,-3.3378294142740588"
2.033333333333333,375,Human,3,0,3,706,-2.033333333333333,"-2.219943526760364,-2.2557912476953743,-2.277780043213581,-2.039213739974692"
4.0,376,Human,0,7,9,707,-4.0,"-3.9976025707082803,-4.0425391694268304,-4.217912346138732,-4.096225360940727"
1.15,380,Human,0,61,2,715,-1.15,"-1.1500001552488919,-1.2158638879597914,-3.742237715820669,-1.2705845995705698"
5.0,381,Human,0,62,2,721,-5.0,"-4.999968737226309,-5.3288591290123914,-5.321732445288882,-5.3520594736843625"
3.933333333333333,382,Human,1,11,3,726,-3.933333333333333,"-3.985165522817335,-3.938341322109218,-3.9671432140314726,-3.9777915241998323"
3.6666666666666665,383,Human,0,63,5,726,-3.6666666666666665,"-3.6643477316109863,-4.054748086200643,-4.135823186667324,-4.036910658813275"
5.366666666666666,386,Human,1,11,3,732,-5.366666666666666,"-5.599202856150668,-5.362915293005627,-5.6275903236468094,-5.4782886860265325"
1.25,387,Human,1,65,2,733,-1.25,"-1.5444927142923404,-1.2411089074310455,-1.6445111665976686,-1.577538603634398"
2.7,389,Human,0,16,12,738,-2.7,"-2.674881820796758,-2.830379892432135,-2.783881221891204,-2.9717732195830093"
4.65,391,Human,1,67,5,746,-4.65,"-5.79753042748321,-4.655977352385783,-5.7840482610225035,-5.774915102636511"
2.4,392,Human,1,68,2,751,-2.4,"-2.4400779347338655,-2.4001868079309743,-2.516904755509115,-2.45399546623545"
3.5166666666666666,394,Human,1,70,3,752,-3.5166666666666666,"-4.164905138007976,-3.499648573048793,-4.27763636276685,-4.070652108883871"
4.616666666666666,397,Human,2,17,5,767,-4.616666666666666,"-4.617005247513337,-4.615671927112913,-4.614380437044177,-4.615397905824986"
3.7333333333333334,400,Human,3,7,4,772,-3.7333333333333334,"-3.811740682448619,-3.8137978587753447,-3.809794603983568,-3.7345558924592015"
2.85,401,Human,0,7,9,774,-2.85,"-2.8192553867071446,-2.964775310775138,-2.9744341186438583,-3.05601391888649"
3.716666666666667,404,Human,3,7,4,775,-3.716666666666667,"-3.764223777170116,-3.7727839342743597,-3.770289851292013,-3.718448466552193"
2.816666666666667,408,Human,0,7,9,779,-2.816666666666667,"-2.7932084284080547,-2.8897086441084716,-2.9497674519771917,-3.011344468442525"
3.2333333333333334,415,Human,2,4,4,783,-3.2333333333333334,"-3.23312692668019,-3.2329488464846134,-3.2316321691332917,-3.3409692980302577"
3.65,417,Human,0,7,4,786,-3.65,"-3.6368521411236467,-3.647922791074609,-3.646868816086292,-3.646951058722326"
4.4,420,Human,1,11,3,789,-4.4,"-4.443670551587202,-4.398992161815826,-4.437367887133959,-4.433516324199832"
5.483333333333333,422,Human,0,0,5,794,-5.483333333333333,"-5.479566424471735,-5.682444270402766,-5.604650779117268,-5.9858373886061305"
5.483333333333333,427,Human,0,0,5,801,-5.483333333333333,"-5.483584951497275,-6.0465471275149385,-6.387984112450601,-6.133517388606131"
4.4,430,Human,1,1,1,803,-4.4,"-4.764094820083964,-4.3957046790721765,-4.605961800582264,-4.598181151055471"
1.9,432,Human,3,0,3,805,-1.9,"-3.1316841543742218,-3.1796520950560256,-3.2419567154586866,-2.011282293233587"
6.833333333333333,434,Human,0,0,5,807,-6.833333333333333,"-6.8637194705610565,-7.186042978144659,-7.351805198908042,-7.07572474296634"
6.433333333333334,442,Human,0,0,2,818,-6.433333333333334,"-6.605565222255715,-6.807127473485853,-7.099535077285772,-6.768834925523735"
2.183333333333333,445,Human,0,0,61,822,-2.183333333333333,"-2.1719694147205293,-2.278292191522377,-2.7209431976042078,-2.4284398585928253"
3.566666666666667,447,Human,0,72,20,832,-3.566666666666667,"-3.5626954535332347,-3.9414072856747575,-3.99490408333332,-4.008698428227735"
3.6333333333333333,453,Human,0,4,4,853,-3.6333333333333333,"-3.6346562542921736,-3.6547336580489564,-3.6496161646253906,-3.8150687717575402"
5.066666666666666,456,Human,3,1,1,860,-5.066666666666666,"-5.124718980914241,-5.120785822344775,-5.087780486616317,-5.067236000243826"
5.516666666666667,460,Human,0,74,10,862,-5.516666666666667,"-5.510158043482488,-5.584482121807153,-5.57213027507965,-5.592030944242391"
5.0,463,Human,3,1,1,866,-5.0,"-5.064847097495357,-5.0233560244260484,-5.026803982408565,-4.999099303340999"
3.6666666666666665,465,Human,1,7,1,870,-3.6666666666666665,"-3.894557338671233,-3.656403170052308,-3.8083686195833413,-3.7713229446182863"
5.0,466,Human,3,1,1,870,-5.0,"-5.077161976827638,-5.073331754587948,-5.070398266087523,-5.003956136858167"
5.15,469,Human,2,4,2,875,-5.15,"-5.245351236519437,-5.236250208367874,-5.145124978904263,-5.277056577709789"
4.95,470,Human,3,1,1,876,-4.95,"-5.021281065368736,-5.012603843970287,-5.011475202789048,-4.95257112931541"
3.2666666666666666,471,Human,0,4,4,877,-3.2666666666666666,"-3.2681361894636316,-3.556386998113585,-3.6080351166885682,-3.8159026313635915"
4.633333333333334,472,Human,0,4,12,878,-4.633333333333334,"-4.631792933650533,-4.899200760303309,-4.899342531608668,-4.923486334451295"
2.183333333333333,473,Human,2,67,67,884,-2.183333333333333,"-2.3959999328276087,-2.3554002812568005,-2.182454640548458,-2.359223019420206"
4.133333333333334,474,Human,0,17,5,887,-4.133333333333334,"-4.1357797688000035,-5.195429527806661,-5.1954393273012816,-5.197106337838289"
2.95,482,Human,1,11,69,895,-2.95,"-2.9801686368505855,-2.9591064639609383,-3.110476441423582,-3.3914307195772952"
3.0166666666666666,483,Human,0,8,70,896,-3.0166666666666666,"-3.0133325388263335,-3.0542293557307736,-3.1625506104575747,-3.0603258028913514"
4.833333333333333,484,Human,2,1,1,896,-4.833333333333333,"-5.246523517104954,-5.1295233377776945,-4.812689062670024,-5.183039507728122"
5.45,485,Human,0,0,5,897,-5.45,"-5.492070629730282,-5.956132320154517,-6.331822557419402,-6.136281298373072"
5.016666666666667,486,Human,2,4,5,898,-5.016666666666667,"-5.096247669446775,-5.101362592810745,-4.963340023726239,-5.110176073538942"
4.833333333333333,488,Human,1,76,20,899,-4.833333333333333,"-4.973133456111654,-4.3771563252409935,-5.010396539186434,-5.097701528947557"
5.016666666666667,489,Human,3,1,1,899,-5.016666666666667,"-5.391516752067171,-5.3839599920707,-5.387978574338781,-5.055519737408389"
5.283333333333333,490,Human,0,4,5,900,-5.283333333333333,"-5.169965431900922,-5.257659428510741,-5.279956822293807,-5.423329295469932"
3.466666666666667,491,Human,0,77,10,901,-3.466666666666667,"-3.474117428673043,-3.6991716801609464,-3.6556960608214375,-3.5373356827459133"
1.2333333333333334,493,Human,1,0,12,902,-1.2333333333333334,"-1.974306947847402,-1.2317712543753316,-1.99164787898264,-2.1619121407211264"
5.383333333333334,494,Human,0,0,5,903,-5.383333333333334,"-5.575174793235517,-6.644096944371262,-6.693083580365789,-6.778586749039739"
5.266666666666667,495,Human,0,0,2,904,-5.266666666666667,"-6.198752086611496,-6.456480209528417,-6.5737629269415345,-6.484932645668524"
